61
233 75 
61684 54594 38056 50994 24361 18886 82651 49919 19845 6552 18159 45297 29566 84936 89884 61363 95929 68014 58815 72800 12612 88769 98639 47390 88461 56514 25262 28283 95770 84370 60486 62034 71385 15738 6489 63762 69606 83721 14044 53928 7574 17990 23855 26943 13953 48126 73002 49723 16149 96984 83716 28073 20353 44501 52542 72359 26491 41182 1602 10642 34989 82027 77384 94158 80620 75648 58864 22883 67783 48463 72822 39377 67116 76529 65203 
566 270 
90315 39313 70584 59066 14435 41392 74061 31833 91797 98614 39523 83768 79702 80697 38264 16914 94815 58922 79782 62935 68975 1340 35763 13037 70501 14134 37734 32065 51660 25775 89095 74626 17376 78805 4985 70079 91343 967 54256 54034 11029 83308 75390 37463 80289 34779 24154 71949 14613 85866 31234 62445 66836 16165 94965 10603 71764 17968 904 63239 8829 64831 86163 56063 86022 71632 34962 14046 16318 58455 48112 53337 87725 33046 48711 3721 34484 912 67314 85408 47370 12157 55955 93222 31871 86104 79350 42859 4269 88139 74083 64084 33170 84881 75113 13058 46658 52612 70364 89540 93751 57091 62017 31570 89339 13036 45976 24020 10914 55920 79072 88308 83262 44570 32469 51309 21166 87115 45995 37223 53186 44497 52344 23102 30456 23414 71595 78842 29173 64462 79347 65214 79723 43804 11568 81209 14459 73131 68212 27138 80431 32918 2562 10795 61947 78644 67466 67835 34835 38700 75673 23224 60113 8392 49591 60690 83077 35619 68134 70821 21511 77085 44515 55272 30784 13716 81532 85576 41275 26796 19485 4776 53576 92224 32884 14401 43912 83153 49209 26692 79809 76704 7865 93532 92906 89825 84436 17664 12567 36530 43760 57183 61347 17162 12161 28807 80915 61622 15174 89359 41416 99075 89054 10859 86903 2696 17155 72086 45383 23438 64974 1450 71482 81981 93334 7294 53615 89461 82565 38833 10252 26337 38845 13588 55965 98228 6814 6201 18260 82463 17678 97495 50364 29537 25196 86373 4596 75134 58 38343 62033 76846 48137 59085 17797 36108 94733 5854 49086 53685 84832 97940 14515 74904 52544 12082 52841 65566 94034 71953 39586 55025 90698 67933 76602 24002 40963 99039 42756 67760 
316 226 
72918 73265 92513 11938 84200 76779 93231 66072 37184 1853 68985 89330 71013 93756 21251 41591 47637 40782 15368 19578 21900 12678 49629 13219 47767 9030 28034 45424 38603 76044 51018 71680 93847 98292 68083 80578 94063 45738 12078 48626 42129 77926 74448 90317 24752 92734 56026 30606 91004 59112 7726 99688 44721 26255 65175 34360 87109 29628 13769 9600 19235 17371 5903 19065 16497 4066 55689 11698 46041 64358 88757 48515 64904 75062 34616 47273 56212 77505 7426 96874 87306 27590 71260 20218 48810 32542 8676 72022 1988 41167 31953 26310 81348 60397 98893 94497 2137 33556 96728 94807 3179 84755 43744 77214 48088 25309 49335 77059 66694 45887 85097 26928 65990 20489 14244 71317 83034 74530 28111 83915 3889 32457 45114 1591 96259 75078 91318 89386 11097 88947 40476 1333 37633 55874 44132 54607 62644 73761 13679 70737 66571 49042 2659 55032 79996 20740 26226 77078 4095 61631 11253 55697 18495 94774 86660 2640 95325 57317 79323 9794 54039 16725 33313 81105 21621 58413 52354 52935 72445 74885 55014 32462 38922 7152 32506 88578 32913 1910 40043 76449 81878 20767 47075 36348 52101 53297 50445 38193 79359 56351 89781 71985 54001 27335 43944 18096 28442 29640 55024 76573 37133 8446 50413 80375 52317 87682 59102 11376 77494 86685 6539 61658 41902 38150 10299 69617 23895 94703 84170 68092 51259 65157 70723 39973 56828 3612 
666 388 
45332 94805 89113 81808 92478 53765 84128 82251 62021 2889 14382 36644 14521 72234 76437 35087 81632 28294 222 33809 65104 37753 67533 95159 95340 38246 14150 91713 20746 26161 430 51022 3195 21536 96715 25340 6440 21509 5856 44004 65922 19792 86277 13452 2464 70574 54242 61539 31455 91398 1944 75037 59362 8862 79439 8677 10513 67995 51074 45720 99798 96382 29735 71377 49975 86812 37997 38852 84442 96159 49980 46533 89073 92690 44595 4907 32490 77880 70107 82306 13233 92098 93980 29839 41481 43286 41469 8540 13904 32472 35607 66666 93074 70342 41239 99346 60463 5040 5949 80489 15700 30646 46982 84227 42261 1100 55068 86402 72169 80639 48018 37782 37795 9821 95821 34593 89444 0 51674 90301 84131 90917 32031 49791 38199 16589 34081 18393 1505 94791 63147 60936 69147 23235 17498 18731 4915 76804 75685 11228 19521 90976 50810 20880 52820 77398 64757 11694 47870 28412 93845 21358 10524 50734 29845 73016 72529 88539 45868 3674 47156 30170 95215 92424 99449 39614 35792 37840 13950 40280 66507 40933 66169 21207 48278 99077 79084 36176 29157 375 44267 46369 66509 87670 56274 92095 27560 65697 23125 24518 57976 13755 39342 59445 69491 60544 37957 48396 41051 91115 23132 17798 61691 10715 420 5817 23574 74317 26143 55176 62423 84378 49626 52227 59111 56441 25733 39517 64897 93672 52916 68343 28978 92229 73969 81780 87545 64087 23253 99663 90858 97430 24655 27029 566 30108 4660 34856 39064 22382 40208 76481 32086 91012 11952 1988 79500 33246 95354 55465 12061 11365 10894 47961 15699 55899 88510 82117 55747 84569 40485 4836 93417 57452 8056 75472 53738 29116 95404 87288 60957 14911 34244 64405 31859 89634 30260 18089 81841 62654 33194 1053 93913 13990 46108 87944 80984 20503 26395 19166 53622 74319 61593 34299 56261 45254 35965 87469 30581 13519 72718 28317 60644 24068 24436 99150 31756 49410 36625 76713 68237 77489 25611 61015 91401 99247 34102 69398 48750 76551 95533 96324 18885 84849 79361 66530 3382 26354 54500 29113 58109 96111 15866 5977 43246 52939 83721 15959 87188 83230 41489 55476 12201 20556 64673 72044 53000 21572 61522 9266 2000 61989 77019 25191 46797 27877 29741 20799 81534 24674 10263 89381 29993 72230 28319 40285 65775 55181 71411 73036 74017 48753 33290 59645 66985 99193 87191 7484 13940 42905 99124 74203 82891 55546 85731 27932 9056 27174 
434 380 
44743 37882 45372 59574 21217 8462 42490 10138 31202 88323 21293 93953 13041 76078 14330 65098 37926 75615 92465 40194 83609 37110 93304 58783 93472 87781 94228 15218 90581 5088 96162 25158 89908 30966 43220 89665 78966 87574 17223 42928 12284 92632 43255 79799 38878 1459 38407 48378 41154 95293 18509 58330 73475 83993 54918 87153 33860 33253 90928 10952 18110 17667 28717 95816 24101 46599 56983 34056 15715 25506 92842 96978 76334 34771 55233 82013 37762 25986 78116 11348 86462 61574 67993 27412 62161 81464 96002 87051 86356 17920 16955 92030 16479 89470 35083 21446 94434 87255 78092 12993 50384 49302 59637 67230 94643 12423 6331 5007 76386 27106 12366 90353 16475 81317 90991 54037 80173 57857 95059 58092 4561 26763 36410 11239 76913 94323 6954 23969 21745 39085 28484 34047 15190 18172 53183 75019 53867 98520 21040 93712 66292 41413 21777 84886 18243 50950 66079 39896 8070 79534 27793 1100 68563 67247 91199 29743 24824 8646 24952 11222 61229 65431 10062 92832 82470 13847 19709 61372 92139 20774 48759 37335 27621 12039 17748 3448 35154 41498 29468 13242 17332 71892 2424 90856 68935 50712 17663 34934 24260 55933 79910 23106 80399 12554 17112 19355 72669 28161 14418 92411 12281 18731 56375 80461 97604 99813 44740 58589 18019 39556 21566 49193 5346 61433 34053 42877 71635 4465 23379 37901 80463 41069 79523 2139 14068 27708 41563 38108 68266 55749 30671 1094 93519 70990 11653 79776 54161 12665 81163 68594 69822 27084 7326 90819 47611 64600 1351 33067 15859 16020 62138 34911 3289 461 62361 37796 13839 46047 54134 73157 98038 71900 48615 37060 84552 64976 31752 42777 94237 50058 36176 67678 67150 79915 39201 97302 84402 90594 10178 57297 1702 87619 84618 56980 20221 552 23967 33939 39404 4422 59039 30964 65036 39860 45491 81509 23843 14221 41327 38702 93946 9070 7937 73217 73352 73545 49576 94308 57593 96466 82090 9530 70021 58706 60088 17685 94991 15006 90380 35969 95269 9513 74085 53170 62042 81626 75619 45942 11980 22273 70985 94907 83537 77485 550 95683 40416 59356 81458 88426 2325 59437 87540 69856 1851 21137 29484 42016 21773 37164 93810 87009 36875 19901 84843 17159 64738 54879 28695 4659 30437 34237 1225 13036 71552 98732 73384 57190 79709 16681 29345 45369 29991 24467 86934 61758 1821 60565 73286 87651 
31 285 
24739 15108 29921 91629 60550 54494 63499 80432 97463 78880 78075 62218 75222 11716 99349 79949 60450 12027 20828 63357 44810 16785 59084 35343 12457 94972 44094 30081 34411 80979 12832 6819 2993 30970 75624 45720 22459 96981 1973 21781 91039 61564 23144 19061 15387 14929 45582 36745 98359 20095 45857 38719 72543 69835 66834 33008 68559 23624 58127 16616 77822 23245 33381 24381 61433 22150 12333 36762 35186 23736 3389 64453 61324 99912 14914 9216 88733 93158 63397 78132 55534 8104 48871 66204 58445 96134 48614 42871 84387 18008 98496 72377 49970 32206 9712 54174 8279 17689 45106 77231 68293 96263 43896 76474 67827 96574 43305 27096 62738 40671 38881 76002 28842 59371 7206 4564 32030 23038 95392 4283 51582 88695 45368 41167 80747 97170 51788 88653 67839 91671 85263 39668 54769 17427 54291 75142 16212 30112 98493 71139 79141 77412 64861 68992 3927 41733 11319 91281 5465 13326 20673 93273 50247 56782 6993 93383 38425 94723 2072 86083 18863 84882 53596 39269 57146 27642 99194 65316 9258 5115 9291 49591 92450 15462 66966 98548 52436 13125 25149 5300 90333 3073 667 74420 35723 24234 14938 37846 77824 11884 64744 32304 64281 67412 93981 14176 29152 9338 57844 53494 60629 83448 20213 66236 13387 70837 83268 95144 71698 83916 64162 19875 35468 76962 49181 1673 29740 90116 70468 4848 73230 57461 62714 98364 30174 41605 97151 66133 74050 68764 50976 89622 64648 37859 7410 30060 65967 2841 72407 65932 66865 81539 840 92055 12338 20378 98968 69703 46196 12968 70748 57379 98858 9916 98443 55306 37972 86881 61237 26400 23347 61432 81649 57437 28241 76004 51736 18279 76059 24743 28585 66307 4819 61919 67201 12646 36995 73290 4092 32645 16208 37725 93830 5077 89412 
409 320 
77559 93088 45372 45676 64966 2004 73984 87441 30851 56547 8572 69730 51178 24087 17062 47527 84829 50335 3512 99931 23010 42112 53861 86152 91139 32930 1692 430 24564 55493 69202 20427 12086 73254 33860 47780 56983 90512 15307 13037 37700 41722 7653 60357 69833 16322 4045 72293 88812 67714 12812 55166 94696 96458 91343 82997 24224 78387 32844 66371 9512 10597 17233 88533 41285 39022 44114 17445 87963 24066 5187 15512 40826 34036 45793 89489 52795 16721 92779 8865 84879 92744 74057 54634 34038 88644 66652 21758 69565 67787 45247 16497 26953 79335 61181 3429 34353 3947 82029 69100 21891 58202 56527 89188 76095 31796 56212 20668 77585 81651 57217 29017 81702 23417 26615 76644 97261 77138 89061 2883 51444 71675 44857 78068 57837 14043 53489 91208 97430 79484 36917 59498 79479 94911 1774 4416 69464 37566 95446 32167 71982 86700 70347 82649 429 56032 7995 77904 67752 71220 6958 61561 61069 14823 10958 81533 21152 50063 69052 42760 11681 58197 67726 22221 55948 1095 68300 72795 63318 83802 69238 95121 79881 55244 57367 39598 71038 88829 55574 56123 17338 59640 61656 14107 52658 61189 42773 14052 62941 24316 82423 16131 74574 1468 78715 26446 41360 74465 42743 32856 36305 13024 85908 92444 81744 41181 26107 41545 26441 4372 24545 91062 25769 39753 62334 50308 89275 67804 81176 73687 77454 6955 81244 6710 81784 16011 28504 84978 8789 64573 49121 34597 74784 20044 46700 46186 30535 12477 88837 54452 71584 32474 13684 10185 48054 29740 18778 65002 47187 93442 91079 98740 87266 53958 40129 28384 22768 61959 92558 34274 36851 39991 68954 35582 99017 61932 43716 44931 91818 9791 19263 79839 12257 2162 70989 38807 43082 15187 81585 4655 9930 72750 86559 28988 9228 6914 51050 51964 21187 97691 30239 78587 98713 72765 7479 68092 13429 41014 74988 51334 19472 49363 12588 33430 32963 18381 99513 33532 88188 75408 88463 2829 39801 29695 90997 81949 42046 10017 24022 51925 
996 362 
85675 67209 86744 1753 65716 87441 83317 95524 62028 58141 67822 83513 73061 70415 94098 25114 35635 60046 68888 95435 6216 53302 91070 47859 43002 8270 13644 38189 61089 70440 40127 72018 59094 11798 27272 35305 69393 46402 37822 71264 71424 41697 15988 52499 96465 2093 40457 38865 94589 17096 60564 95836 94972 10813 70784 40361 53767 53380 7674 95816 61396 17728 64501 85525 64367 93206 62421 98570 92565 74189 7594 17298 7590 67370 91368 25031 29344 13449 55 1908 36592 71439 62102 99171 64374 62203 55309 36552 98616 95864 43253 72039 99064 45278 67830 99712 66894 38962 33523 61504 80452 48678 11071 31880 37996 87394 59461 88857 86539 89526 25297 34267 41872 81712 33749 30879 43222 28075 3787 16074 27793 97212 28370 32707 45014 13384 25273 87612 67454 65751 44631 53512 98067 34633 43565 43251 47517 79232 47154 17748 18004 33135 40611 41640 37157 10145 8946 60069 10656 60016 69215 61021 63729 55156 65536 49130 95270 85007 4609 32578 48811 58975 4189 84061 74934 85832 70446 4233 34 22708 25138 39914 63436 35879 74994 63651 22118 57431 86648 46330 80379 43473 56565 47049 12908 48419 14667 44703 87725 59411 32640 4173 51112 87619 91361 7703 45546 31676 64635 45258 86546 95301 76443 13755 53602 8456 45724 94633 91730 23071 71149 97963 50817 19295 16102 83202 62556 5280 49761 19491 5487 7589 78192 6112 90722 94278 33988 45774 42530 21047 21200 8262 58148 47138 71895 68509 29213 59896 93102 51200 58250 66033 18402 69664 68897 22326 51812 29552 49959 41670 97915 27010 61805 42085 78346 92464 34859 76858 15127 43542 54757 40798 7394 93733 99730 84115 84030 79461 49710 18103 93884 35829 19314 29674 52135 77094 48102 98002 10632 81478 84598 93005 72655 49977 91819 4390 71491 65885 89714 99120 22653 47293 25093 52556 82332 59541 69546 50692 35794 7660 29555 33023 52294 41023 96114 24782 67434 27231 52382 77491 76784 53715 60925 93497 21591 74386 73323 51613 1173 10618 44426 17582 53516 22383 67143 34603 63934 84340 43946 86374 70570 7783 56110 78256 12710 43105 32731 61314 79989 13836 19351 68362 86079 60379 54500 65604 63838 79609 45957 99262 68114 11093 13197 48052 88385 85318 79330 95724 49738 62279 54651 16874 
693 360 
65173 54616 81157 73181 92811 12401 8073 51559 31854 54329 87611 65942 77621 39953 2794 68938 11180 14494 237 67352 50718 78436 39014 70576 10348 3775 60517 69577 42161 19258 91797 41265 87962 48479 12625 24064 3486 279 28459 40014 93855 44480 85658 53218 52137 30792 14003 44985 22335 66045 33616 93057 5248 6571 60516 42861 15269 16457 47424 43380 83289 87370 80059 45493 64993 45693 68415 71811 57766 69062 64558 90503 68084 45657 72070 83019 16570 5685 32098 11189 54610 85188 55596 88155 27644 14929 67251 29066 5542 79009 70029 24630 22659 63517 54816 2332 25364 65477 76587 17874 67188 74306 31507 84930 67118 10053 82513 86774 81720 59291 67100 61723 36607 90874 14764 34125 10575 76089 92529 2839 80054 1505 80026 74224 39625 34430 15650 82363 80021 67939 63800 18992 47805 71828 82618 97795 91882 96773 19382 78193 77345 10224 65206 98041 45829 29783 13709 21765 59373 34073 569 99440 15185 26010 69180 91289 42029 87343 90427 99760 92777 88757 7289 30907 60732 68318 13686 97872 94133 30684 60467 89039 29365 86546 73010 95108 7759 94340 41089 81102 53365 12319 12266 48289 30795 43615 17224 67337 52832 91042 56918 5360 80884 60175 65521 30820 55176 11211 34691 83731 23668 42767 65296 82577 33369 66512 82260 52773 70560 86853 82467 76155 66330 14043 57020 98906 75524 85915 58633 53292 2504 61414 87503 62239 60327 5787 71761 6590 61447 1205 74155 55327 58080 96462 15965 20824 89511 55863 58524 32648 44381 36375 58046 11274 37676 9009 67235 66064 68154 8238 99576 49212 85744 14917 20583 20757 10722 38194 89362 9606 27815 74536 93705 15335 97722 72048 13155 65292 2796 34439 23252 60682 56867 49179 47203 85163 50796 36625 20687 76111 93992 69297 70382 4160 42924 41444 55177 77227 63838 82690 6518 24881 30026 85916 76471 45681 48721 84453 96339 8933 59543 86304 2650 50769 26980 94565 83832 71666 39707 21018 75338 21390 36720 79856 65523 42772 64814 41753 97042 93993 1246 19985 55158 43868 93094 90534 14183 45726 5134 21524 51919 78558 72883 76591 67797 94630 90395 37323 66184 94293 2895 15291 86937 41732 2619 95614 52931 73751 77930 84807 91232 63010 72987 4095 84380 41211 41661 88479 77546 72433 
933 358 
18250 28110 35898 14084 51839 59343 82569 69219 29921 78126 5113 50613 53810 43750 1820 36116 64482 30623 79824 30696 75397 41759 66485 79765 60105 55239 82654 1853 87820 33144 3712 47375 90056 89652 82283 2455 78966 88924 83614 89939 78455 97224 13876 90663 58779 73852 57428 5613 40805 59394 25444 63563 12675 53907 18966 39778 44976 49662 69693 24762 76792 69732 16156 96658 1411 49036 6873 94220 13198 71188 19059 78946 32427 58636 72640 66967 36293 89642 19542 54315 28062 86113 72724 95513 31704 81126 97301 81361 54373 33780 23997 69573 62485 32059 50384 36809 15141 57280 5007 50042 79953 88269 82230 30069 3656 9190 11734 32813 21769 18760 53144 35961 23931 16740 83348 1803 70132 32472 93074 7972 39816 83925 48662 50904 17055 62006 38298 19102 10379 83141 44583 42304 66385 13177 93828 78059 94188 74480 70668 18795 14292 3977 52475 402 39647 58050 16194 98384 5984 62023 52963 65867 33756 37393 18371 797 73829 21575 52347 3448 43116 48059 98030 1884 79599 80849 2244 47536 5190 98478 72554 79675 368 22644 46169 52740 74450 96335 16534 25713 53636 46017 33173 22408 86009 65084 51235 80986 77018 88984 33866 61404 62993 97424 40828 40362 30760 98843 83623 82133 54909 53583 1085 85265 71257 51278 15645 35395 19749 34460 85472 89320 51622 43268 62811 30684 7703 71014 69070 67957 15611 97701 98420 59202 44949 83803 88981 34648 29457 98281 82372 16635 92206 2984 5487 41810 86813 53273 2354 36889 49379 79214 17583 2628 78548 13576 30055 50475 43863 85142 78177 57856 58133 86809 63382 12739 69760 35998 68963 64106 84526 74897 507 37164 44825 45635 24690 35232 49826 74485 1969 14534 16535 13256 81264 25680 88695 89451 71009 55710 57873 82442 70783 16591 25751 79580 53370 68154 36627 79080 56016 44147 20782 96260 77366 21350 28523 87422 17404 30867 89440 23168 33384 13102 51416 91140 91365 16040 76978 27609 52718 9421 80170 5972 76326 61593 61226 21280 54531 43114 31650 95916 82245 34133 9227 66581 80008 3626 86524 65199 99686 64533 29729 97523 96250 58978 18531 298 59870 50247 21412 37159 44776 21803 56334 4148 51917 41394 88258 96248 46392 19972 1732 85413 8349 12995 90185 19965 
388 356 
27497 22897 61789 66687 41390 86404 32190 56631 52571 41746 29604 36049 22496 67138 10223 92580 26287 33624 44189 65834 66395 70849 64233 30825 17242 36707 58129 89509 72773 30843 44619 16788 43308 19023 64044 72015 18555 35890 46633 52680 95865 96642 1617 45640 44336 51383 33373 76479 42060 41164 15469 68493 8851 31010 38331 19960 7168 75232 30261 41018 80724 20662 1170 83191 38341 5370 53123 83641 579 87834 51126 40742 99263 93738 59071 33375 75803 50453 58576 67247 58380 87070 51285 95936 40765 31355 9343 66382 44631 3057 98184 89319 99389 1928 45807 74117 10418 63732 24551 91876 35758 42203 33964 95111 77035 75274 47705 63794 79478 55202 20400 82259 50334 75316 3351 47289 21260 61884 65348 59185 59059 90202 42220 44818 61233 57211 35810 92016 839 90306 53418 16369 69191 65552 69794 3461 31811 35901 81840 23787 44768 49918 65226 69491 59710 82331 54576 99583 49319 7426 94279 97674 52557 66574 97694 63183 55977 10357 42703 99901 95677 70243 82057 60944 62365 76667 27547 27465 36822 30457 48527 27445 85201 49290 13316 29478 51399 45592 79298 47226 49504 64677 51364 10052 93525 20092 58766 18975 29056 48393 7493 15590 71832 35881 12451 20635 71887 74869 17276 86294 65863 31107 54998 23913 23608 81396 48850 61910 30475 22598 26517 18280 82837 2761 59210 21060 69939 70056 6821 75326 67971 60317 81465 35610 82282 85862 68297 73715 4489 70548 98907 13506 95186 72129 4951 91626 64055 58501 64354 23410 66240 11725 15126 32186 41931 14841 1412 17008 16173 44168 40259 52436 41842 56439 8681 57931 99630 13268 31535 68315 53529 93361 45334 13561 40030 92595 89840 49704 22214 64794 94254 1541 625 5727 7323 29655 18135 67259 37529 58979 91344 94816 266 52882 27340 59080 22121 38755 45795 45914 84480 50388 44144 45604 40993 69778 62524 93338 92285 73186 46643 16193 23689 30423 1606 48317 98284 19404 62886 79939 74327 22204 76569 28575 29107 85210 48415 86879 63664 2308 52000 69348 8727 21556 66801 93179 92035 72359 61861 95867 47393 98074 50449 61736 83806 9096 89044 20080 83403 63378 54665 8844 54966 77971 37477 19113 82355 17807 22271 13000 49999 81831 60076 93929 99552 48976 
82 354 
94805 50033 76170 280 8073 39593 37654 66762 99715 18621 93949 78828 3857 51180 8977 40959 28619 15338 39261 93722 54537 72773 79367 9879 17097 75095 21283 83570 96280 80101 59519 37825 5398 60859 19612 49036 18407 42879 51388 55595 93607 10755 60826 13010 2993 48969 32971 67682 75459 64832 31704 50395 6239 82527 99358 10465 52304 6672 35251 63589 81613 60501 44476 8173 64619 21839 18974 39085 11946 40175 19544 20064 33358 14413 57908 19086 84227 10634 96716 11583 37973 39630 80492 69533 58915 50992 65129 93982 66419 40696 27242 81296 76265 83183 89444 66872 81071 81338 85672 85405 69230 83882 53435 3975 59915 89020 62789 61364 29031 1164 38371 16825 41184 94345 95648 91048 65965 54962 6705 51488 80559 74969 85007 54790 88745 96582 94372 48690 85426 21766 54858 17417 73652 63572 49038 14588 60385 64365 77654 95143 14982 37587 40468 85925 92980 49994 71970 61562 34807 87991 89039 83799 94801 94427 74817 98639 9965 35839 92751 43543 70156 57275 1848 20668 86280 73030 88665 76430 31520 53781 57333 48629 76268 59437 91410 3189 6420 82204 24571 73714 67820 1458 43642 32539 63804 70907 50222 62171 77083 81450 36917 55938 89648 23378 84857 11451 34537 21998 81552 13367 39969 91355 74244 78104 18699 1282 33418 7123 70707 31292 85113 84319 10262 33823 53094 84501 19761 88255 62979 74592 54485 14165 11370 29433 11496 83871 31834 58566 45634 11064 9080 79053 90216 57226 91552 57780 27270 69297 71738 55803 22409 82392 65730 77399 59459 45284 87737 15908 14854 93366 39591 59643 86971 97380 8159 45565 33262 17160 43685 6773 71343 73346 31055 37464 71111 46067 49074 7622 71847 87438 38835 10802 63801 76343 11287 53693 87595 38877 91349 85604 83151 7062 21316 51603 13241 42615 38401 9642 7745 87146 41626 80749 61079 90703 99833 59174 32711 97857 94922 71516 63230 32256 41916 83224 2363 77823 42102 32000 5634 13668 37020 56612 63764 51149 1755 90857 10486 9480 42097 8556 56149 36712 8716 87030 87698 27365 1694 76540 35704 55436 48819 90555 11552 28888 19244 67293 96783 28038 78162 34696 17238 23527 18759 83672 14186 42883 37650 26100 58645 70782 94592 3103 20649 7603 
589 352 
33165 4491 94263 12075 45791 96010 7638 79353 57632 16526 34119 6216 38587 65908 4515 15596 19258 46623 58325 20150 59462 91864 77767 72057 30282 73530 74449 73850 1618 89974 50397 89791 872 54453 2701 89292 88994 15254 80916 85554 64590 24836 98009 6872 74098 89393 99435 42854 57454 85081 48928 55928 10060 88932 9934 48376 49224 36469 6743 57366 87931 13271 70614 26355 55512 85855 73123 17184 69280 59406 89384 53797 37967 25273 98729 10290 64899 31946 83216 42491 61835 84733 21696 75753 6434 70277 79763 94841 94150 58651 87817 44630 70215 5228 40739 88621 28293 69796 4468 569 56958 32345 57590 52930 19219 22986 39710 28109 97372 96648 84228 15726 99248 37387 78930 73050 88561 24998 99351 70168 26575 122 80723 27971 35334 26726 59396 26432 49481 19296 32802 24202 80118 1387 15850 54540 91453 44684 56815 88748 97254 95370 29578 85610 26858 1713 37701 69083 39478 41329 51581 31890 36564 18103 27235 25797 24555 86664 89727 23896 22259 26708 5394 28380 10096 76965 33557 7514 33335 23168 56682 98320 78182 34843 44497 39026 55646 25650 55522 15494 21280 19602 66118 10155 81904 11319 33851 17210 40989 68290 84340 95602 80544 66048 46283 20960 38491 42150 91183 80367 25761 6892 51955 64925 64602 87732 51561 16872 29207 37677 41815 77426 64380 80585 99804 73655 29561 31707 11910 6292 26814 57674 23286 57611 14108 1338 74655 53690 86609 53497 5831 88292 8825 89270 8346 74794 69134 74895 86215 33453 69332 27504 47724 80240 25147 84320 39151 36834 74038 90273 12187 74384 47544 64698 20362 58812 8568 18283 63813 13529 19501 80923 68456 27896 46678 10561 87414 70814 31254 19512 34555 48958 2178 50838 38593 58847 29856 94334 11558 66436 63491 23972 50217 23354 4200 9004 56431 71584 41416 34344 62736 15795 88652 22426 2697 35471 97120 52883 93577 53031 30777 46694 8441 4358 93034 69490 4745 56973 70761 15197 8365 86756 53303 85332 41428 84584 91130 65844 57667 10643 94360 89288 37076 16394 29101 14602 3372 92377 77942 70208 60728 64304 5096 63004 75264 85978 4698 99599 89920 69578 1309 95374 53823 32912 31850 39716 49895 18364 43914 87774 96546 61183 
284 338 
52934 79590 734 49624 31837 99800 65280 91743 95329 12635 67825 70065 30635 95834 97345 66403 24524 3831 1849 34507 2635 10066 85771 17508 94215 7675 63439 63264 3821 33719 60401 26433 31270 95904 1757 14355 65520 1692 60195 53204 89079 31775 3343 50406 57664 57255 38621 46914 54069 93848 25739 27951 34990 13320 19987 63677 54280 12753 21555 21536 9877 38668 80515 16498 41673 48138 48161 75799 10813 56409 46262 50932 87379 38410 73275 69304 48181 68742 16124 40526 96642 69339 44918 49600 60160 4996 38474 15035 38635 49310 99457 48500 77752 68162 52695 83056 63363 27853 7859 15880 87216 96581 83024 84710 55093 17684 41566 27034 30693 30543 9482 57298 23304 41695 44074 84414 3501 58644 6768 53205 17458 12505 6772 80732 70191 94329 99745 76180 53015 15799 10189 39518 5370 77126 52774 73380 67251 90814 33034 72260 85855 2608 49913 42030 80018 1901 84728 66668 20996 53166 62608 17368 69835 5320 15064 41609 83618 13774 136 88061 50150 59728 67976 23292 15505 12579 64639 46693 6119 30468 41458 98067 56298 47154 42477 54802 98188 40744 84204 34578 26011 59302 4494 25507 9667 34430 92325 6328 72515 72101 81309 44762 79495 99185 78428 18019 29520 49193 33862 42001 90147 68330 40967 66299 96683 94647 34155 46286 35583 12062 57309 60499 17050 9870 73793 61120 82766 76293 89956 54582 65348 63217 28201 95457 15252 73240 35903 95616 83540 58222 33396 94724 1229 38468 46312 19528 34631 71469 85257 19524 92617 8701 30222 52018 64722 53978 62715 92148 12168 29796 80409 96487 32108 44325 39222 2935 94861 1924 82556 54892 592 9712 38866 58208 28920 27024 67585 50385 26317 92924 18556 96165 15493 54480 12677 14036 45298 28051 41274 66120 67930 95405 42988 6279 63448 95842 21967 6444 13925 93085 51029 10246 11149 74854 17526 69541 68963 53628 67713 95515 96527 68857 20242 89002 80805 84547 57404 60625 52577 70380 62221 38402 4179 99738 56522 73709 27248 16359 8037 7671 86505 20239 62225 48715 17933 29536 35109 99038 44936 71552 51801 96584 11687 66508 16974 56464 65326 97690 
341 126 
73279 67863 36129 43737 23903 45129 20099 78848 48171 21734 23306 79023 8588 99303 63250 84051 41301 84171 27539 21177 84023 25253 37249 47458 26655 78635 65482 92745 80379 14686 14633 2310 19692 66431 29000 68165 4105 24792 43070 44119 9595 89563 7337 20347 58013 56784 61447 12091 14836 35543 49397 91236 78504 84457 6067 25010 19750 7692 22436 49126 12710 85489 61071 67848 22584 86710 14780 30553 1748 53654 22573 46889 29940 44689 40966 28003 95907 75772 51085 74611 5364 60032 7179 92431 12380 90078 53996 38255 71308 48060 72513 16991 98711 63895 44657 48722 28734 75715 28840 45193 51588 5833 87751 43371 21654 94158 10858 68469 5531 7386 3639 19563 17687 74441 86685 61612 21145 43382 31210 51393 37193 65594 34033 3737 23600 96614 
239 324 
85675 22110 2169 66687 59162 11171 71167 72120 89972 67475 16094 95869 5954 82816 23995 14815 93717 36765 18590 39949 45129 91877 92632 60608 31322 69819 67972 70358 78357 39823 738 27939 64146 33502 63400 57011 99415 8305 69601 68422 76320 25601 18407 98706 34147 94220 48233 68765 10666 7313 97081 61765 49629 83024 49061 7055 33728 70803 23402 28017 46306 35976 44866 52389 11507 79373 66028 33445 66492 1926 53640 83786 43005 85349 88985 32459 64954 16659 46677 59452 565 25536 5542 86841 40384 59639 63267 34319 22865 9175 60118 71336 76402 34450 37014 90457 67265 29117 1499 26093 33008 79139 79595 5672 37737 12087 62254 15401 28872 56147 33945 73759 85294 82066 72313 54774 13728 56538 56992 71745 44809 17995 7646 63074 65351 80859 18136 20596 98117 7690 6854 6564 12935 29962 85925 44778 5699 58306 24392 98160 5901 30252 26292 33511 3951 57923 43262 82491 79863 88647 40411 96466 76112 21627 48182 42799 41139 6264 21047 46467 76430 76644 8124 31396 36969 22163 1465 19694 78678 6464 57054 86552 9685 70364 56928 37172 91208 14456 26496 7394 43596 29894 10023 38861 46802 73042 87045 43157 81970 49254 6823 60441 79250 67377 96953 35017 18388 81474 76069 72141 28385 22763 12590 14201 9652 57434 38444 9627 13846 85799 81318 37257 73694 40647 8028 68276 39039 12093 73207 85662 77119 78925 9601 77927 49126 91552 45890 29027 83808 57779 33161 79784 62824 97874 3222 29744 52646 59182 46684 66302 11677 93952 70958 54547 73555 18128 75755 93691 23884 12743 591 25172 90364 49665 95407 72544 16712 71792 46014 37297 97496 58375 34100 90975 31616 88523 43821 70724 94806 22756 84683 12800 65444 7852 42997 22541 72609 3859 60867 44297 98334 97102 18666 22891 41254 12848 72013 2109 54424 62208 51753 41298 55377 3861 93655 91634 84928 48876 77897 98761 43091 6799 21086 18570 46359 12770 90762 48352 20816 13183 66547 29574 5174 48847 58071 11904 20117 31721 6297 86481 6923 58935 24420 38513 
865 314 
77559 67889 20114 73032 73762 91347 5042 9748 72179 40166 45677 20851 16673 12428 75762 48479 21214 70637 50556 72818 66255 37870 63369 89001 63235 15843 33502 5799 5691 73799 87141 81988 70754 98972 23201 68730 1911 54748 71696 91346 88237 64696 71860 61882 63236 17125 99911 60745 44320 230 3773 73697 25659 86588 88565 72213 33897 46109 62846 48511 9992 77699 8098 60962 1422 91778 77953 60741 92165 72677 80528 60733 96272 20622 91386 90317 6151 29120 0 44899 81769 32290 53238 32416 18737 40630 819 65957 95255 44919 4352 23721 51662 15204 29092 20717 41140 24760 24764 8101 94024 62138 51951 67389 81895 78688 3080 40607 80379 15686 20191 90079 84712 66352 62599 39928 37551 32179 14644 2474 80546 2868 36263 9900 10633 46326 6753 72680 34925 4923 23387 57526 10177 26686 7210 63613 2233 91612 77576 5266 17685 47824 70596 27800 43422 78661 92735 97845 72348 35999 48346 85755 4270 95358 89839 3123 61374 67620 96752 41362 99422 49135 7764 78313 43596 58949 54782 75026 5858 66208 53150 42596 42008 37255 52364 44641 25846 78140 21719 11003 46839 67934 70551 7571 67327 9661 51861 93819 42914 96793 27361 46040 20182 64857 76394 69537 93815 39037 70769 34957 8984 26378 82887 45116 19177 98783 85229 64398 74398 75553 74573 61715 27637 17041 97547 13386 93294 132 7073 91122 13416 24526 56751 29247 27472 19904 80742 97413 36253 1936 7722 50073 96005 76606 37831 41795 57847 39029 6337 90118 3684 86482 25313 93799 74110 30912 48618 93581 36658 4477 63626 68093 29548 37410 32215 57611 23930 16079 62091 98688 43517 50300 93930 68256 22524 10270 7401 40015 39165 23545 94431 98668 84478 50160 71948 39033 51753 93655 37606 99200 63160 91940 25745 53534 84958 92311 64612 46564 29276 42700 41411 27614 58433 38767 18658 3739 16370 92327 23953 88134 77549 85753 54471 42742 58415 46678 51949 14730 77445 60916 17446 17938 12567 56002 
100 312 
67644 23352 25600 12111 67946 37985 96454 6443 93251 89951 8301 54718 32190 21480 48774 91171 83539 99316 95785 91677 73632 16024 62218 59772 58798 15218 64512 94074 67866 41265 46937 35591 99211 57003 13181 51165 94353 72386 23030 61708 2404 90474 8395 69218 50319 63144 11481 43363 52711 86398 98956 35527 12457 48171 47979 52137 11538 60392 81197 60918 89180 88226 68742 34503 8670 31537 5711 15158 20375 34414 93861 96475 51797 53295 31645 82131 2660 50175 14415 9326 9771 12678 65672 75459 87740 88850 43754 84299 27362 94288 24790 91718 9482 82464 17774 42231 94718 58768 29023 88071 84471 53307 27539 85088 36260 36548 95059 35555 38248 58449 30090 26211 61351 54614 74064 59225 97052 79423 50343 81935 40683 5181 71789 56387 81660 565 1546 49638 48067 58201 50373 27807 75390 13937 20392 52208 80790 68065 87195 78984 26160 45749 6356 9936 50236 55021 27163 90828 89508 86612 43475 58380 44750 58603 52536 4832 89881 84697 84253 64463 19655 95544 81737 29881 66271 43407 53706 42113 66077 97250 17278 94203 88379 61831 62183 14771 83680 5381 27598 39931 44007 48587 94515 43199 42176 26011 49635 47536 33698 39413 70106 16873 33645 23415 12979 79018 32187 68883 1725 77118 40386 92785 16237 36163 8795 13532 10224 45856 201 87560 58126 29824 56673 921 37378 73771 63084 62744 8160 48202 7200 14310 18924 1156 93077 12117 29444 31149 85099 10215 3917 56129 38346 56183 28533 25966 58678 78871 58455 33029 85073 97341 11959 53075 43948 57637 84973 27990 41099 44293 24023 84510 46073 77272 34998 20651 37954 29730 61035 70313 48005 77554 52184 32338 65341 22726 17367 76271 12525 39290 92602 91112 85770 23968 93333 94985 26199 98776 65616 45945 19491 98180 22438 89200 19783 40500 17224 54986 45313 15755 1029 79208 8738 82351 48031 92735 65627 85833 51855 50500 81291 38555 27299 4797 74213 55673 85494 45335 28978 50895 42494 2883 
639 308 
82194 54899 37465 54561 51559 7485 62122 62988 81213 63111 3876 11180 70325 98121 60558 46094 99051 8363 84977 97039 86918 44607 37771 5590 5975 99350 25801 2347 61638 12990 6847 83681 23814 79452 19496 88446 15597 22410 31919 83693 7170 29415 91632 18220 2144 38682 24771 80813 28159 29009 1136 57315 98964 57011 36122 63220 38205 4293 11316 97634 19612 55073 96407 4210 66068 88327 71510 40178 23141 47956 85080 37224 19640 55595 51335 17554 78617 67147 71560 9824 99313 30387 92417 33217 74222 9771 43067 17645 83404 43182 74385 40481 69797 18242 67988 27359 34473 24966 58383 56820 4479 51809 45059 25605 70563 30568 4782 28829 47354 4107 83067 85462 73914 67999 7004 49679 75644 51514 18640 89040 83018 34632 94716 12777 32973 28360 67323 77699 28600 80289 72741 61721 19081 90636 49345 97063 92926 41429 36249 28328 96356 59487 11222 47064 29706 59365 89816 95578 17088 75823 16254 30242 97012 71612 64718 52731 97867 46405 33092 69182 90588 2756 73170 86345 50818 63718 80026 87972 46749 74911 96100 30980 25178 90535 17952 3860 85111 32569 13933 77486 89885 38948 25556 55210 53125 38914 68920 52869 53858 56826 59612 88053 23609 61902 72797 66914 9072 41133 28200 22624 5818 8570 91907 75381 43570 21365 26051 58119 20721 63436 24529 42021 47049 82921 63535 57422 465 20395 50301 483 48897 65770 13092 80409 59891 28779 99960 69203 28398 30266 30451 73010 90514 86254 58065 78709 45638 96375 623 94692 81524 56747 5688 30264 11039 14774 19503 89702 70178 28756 16572 91466 4396 43615 10289 99244 59326 84684 85751 11164 59319 4120 65303 64742 51534 45802 43892 80932 33656 96254 5011 52194 53212 34929 70683 6282 67068 32712 60944 43291 90823 80187 77328 78601 56610 43021 6931 81581 22478 29471 31879 92505 50607 50274 4212 83395 40135 36132 47031 46480 23047 92307 99589 58068 99724 59389 42884 63848 
517 302 
92585 68553 4868 92026 97908 61789 18851 69345 49654 88290 34698 66940 70911 59759 30665 35925 78185 31833 80689 68230 35465 94506 91651 99096 27274 98918 82493 97222 8680 87403 30645 29573 9193 71660 73308 33860 68052 41914 22253 80706 11538 232 67426 66145 58871 50380 80092 19805 32334 71484 29204 66677 89292 3440 89420 91248 79762 5744 1616 27094 91982 22876 83971 35299 30514 38007 39264 95445 49302 15887 37693 20658 49748 37317 96806 49574 76386 68691 35957 63531 84097 75914 78295 81678 91998 83384 42211 53986 55997 61796 26297 55140 32409 67999 55596 83533 53506 7202 83986 68436 11141 30854 97752 2842 59002 44583 59395 64075 73731 79870 83749 46982 8282 86328 73273 33153 51718 28947 72402 4650 70796 10350 50648 40765 60739 55815 47687 49043 44979 22241 91443 33022 93239 5381 14055 43199 66815 30967 31478 92857 2839 67519 4702 51360 74151 25657 44157 69742 99602 1368 71962 29196 23415 60391 68695 42803 78296 78016 74450 93209 76352 70679 541 46017 85328 34590 58621 61324 41563 45487 68721 72797 11708 78872 53795 64831 74797 69822 28272 76255 39653 45781 91616 57974 30667 47015 80856 14554 94169 81549 60126 88019 63554 25441 80921 50402 28215 5254 73463 16119 79903 21064 36706 18499 70168 35901 97507 35479 42232 98639 13378 13249 1134 44768 43262 65226 63062 36743 89654 17765 14221 30359 15493 31615 84686 17361 86082 61240 28490 12212 10592 46864 17726 65198 8738 77845 5506 87529 80654 21292 39722 58693 16481 83240 22693 25926 52724 39820 8629 9407 37956 52773 90381 51871 54801 99898 27010 52195 21468 1112 63774 62069 35262 9061 75170 40657 75571 54590 70190 74664 84135 67281 58534 7576 76363 9614 16683 60397 60605 77416 64115 49472 30505 33275 57672 13730 56919 39759 29307 29414 79986 98293 13291 93837 76208 84731 11140 63707 16633 70043 13409 123 
927 296 
66645 80342 1495 47438 41390 74999 77857 39593 67790 12482 2199 64105 46206 62431 99234 32889 75992 44917 37098 7249 24054 60099 51678 69808 419 62910 23903 11016 98757 57678 28681 28999 71648 80015 39613 14772 90100 52919 33937 2955 20174 41697 90826 62045 86061 85326 55232 7105 71639 17039 28090 70984 39334 87735 4051 68422 62497 9162 81184 53016 34628 54597 43599 59660 75037 6460 15254 14519 7647 51477 19000 92974 66328 52057 38160 95426 76654 84885 81726 47144 35581 28342 74100 58685 33459 6495 4388 17528 21432 86718 84039 93074 49807 69954 1366 3848 97945 80063 99952 66292 69989 52433 58576 14197 67894 17779 56877 36165 2106 76362 76952 69148 9288 96489 39803 42279 8646 96272 30043 98595 11222 23435 39867 36865 18257 66861 54926 98745 1714 9194 31051 12348 81289 24551 27649 36821 57622 3959 49635 50055 64840 88976 70717 52504 55737 47170 95397 53726 50863 1611 40386 3532 81946 94231 75706 80090 48323 1556 80270 72799 37378 39109 15204 67709 33879 51288 10984 15811 6521 33998 22530 65177 74433 58752 83939 37785 42840 82932 32839 10988 67042 30298 62071 46330 41153 68024 14686 50800 39746 40860 98854 59370 70610 96690 33684 70242 79777 93871 65599 91666 74930 84133 54977 43855 25471 86276 92830 73971 6951 94338 6197 36811 67656 46747 48319 43686 94007 74348 63072 19455 80067 75561 90601 97703 10923 69371 66225 78267 57210 50173 88360 19614 29339 44684 17154 75323 16229 7951 92253 47639 88860 40089 59888 14805 71180 8845 83842 27615 48808 24223 93225 64045 50330 93110 14112 92118 96156 39978 91972 82989 99777 7718 4529 79203 24110 33201 12 87815 30318 44072 57993 11617 77313 21025 50386 64572 4052 25025 97207 44395 6416 46045 44195 95672 53176 48284 24636 2665 46277 19536 86630 12451 28613 82023 46853 81293 
952 294 
57118 9060 92113 27672 84663 77415 71219 25600 96580 37985 61684 20989 59574 89153 6750 57955 12635 78960 37243 59485 7686 70340 96787 75950 90808 1890 65610 63178 76620 78966 87574 74439 71421 32782 68839 26161 20746 24240 31152 51707 12467 88163 97782 175 63709 66005 34506 47306 31226 53038 28775 41608 73494 65290 12106 99274 5218 27674 3820 87775 33751 91017 26534 52391 94708 55196 99135 93195 73442 58162 5681 76012 31694 20021 13869 17035 1417 35961 4542 37523 46638 53838 78058 28225 2840 50621 42986 62369 50509 5519 46358 83987 83810 11714 51401 75014 37463 64853 33683 57066 6425 6158 56373 95438 2143 75572 20906 62316 55204 18716 56586 2079 52888 46519 5187 17088 30346 90445 93643 74370 69612 19961 75446 40076 98658 3197 17352 13768 66175 77822 15689 92734 46089 77848 81201 59046 32424 82376 13746 9737 33172 89067 64532 51282 42239 89423 52740 64755 84159 27256 63794 37670 79678 40967 65422 84503 72951 87646 61799 90919 88053 14409 72589 7395 36715 49277 51895 85307 57625 49551 75577 13159 8269 96819 79057 92928 70040 52299 42070 90956 98910 39968 57313 19395 8719 11954 21596 2873 63411 81729 4562 97475 52599 99864 60467 20834 45257 67080 59916 36812 31021 20324 52540 55663 65232 80613 16087 92713 40724 85057 4021 94985 51565 24656 51486 38562 77542 38372 2426 8022 35942 96224 93085 54772 58148 77252 40690 58420 39433 57751 29812 96444 75847 95583 85197 52577 49870 59229 70126 79847 4916 11990 23548 15871 2974 57635 74158 29513 87169 72024 17244 22528 27085 32648 45846 86645 89078 79400 65031 76306 50821 44641 56447 46856 45731 37101 96728 83249 84598 35586 29056 61200 86386 39418 89206 31347 28104 3370 5089 84608 31870 21813 88643 8553 4142 42504 62294 57540 96215 89017 12071 99732 25058 52344 
505 284 
72500 28588 14243 24383 39012 42776 29921 44273 29226 37562 69426 92763 52403 69730 42435 78710 17914 14472 39379 14828 72146 40152 75950 11799 63997 49128 38097 79813 61019 81993 57898 81030 55973 92949 9147 52716 80346 78743 92426 94568 69480 99347 90841 91345 98399 59971 66661 44975 55954 41154 93569 4171 85778 40805 52720 90833 84788 85762 73337 39984 97019 24349 73952 18523 55717 70155 90299 68072 42566 74660 98972 6571 89212 520 89549 97227 5218 70424 26070 54324 30832 88513 87775 3948 78782 15776 51556 26945 26973 62203 58180 83767 46306 10746 46595 43638 86636 55305 47298 93208 84616 93954 14151 88031 31666 71349 49493 48833 82387 14488 72075 34940 71952 3899 25486 2743 62153 12489 23488 12325 55729 49170 68499 47426 1688 83597 5519 71606 4672 90650 26118 56492 49674 63744 40384 75925 58580 70403 74073 85362 46064 80289 7310 47114 25923 73146 48571 79904 17368 65453 52176 77414 89583 24665 88372 56838 93229 79339 25276 49664 98848 32519 72131 82513 57881 74494 62694 13454 46810 52893 46466 86733 33795 10181 24213 4154 79790 25133 53658 87658 15407 85042 26209 96650 97762 7688 86189 21889 64526 14839 94473 29140 45353 94924 85695 1691 95345 82307 65965 37182 58204 27616 65475 57913 45053 87856 58889 33491 1425 33955 21247 76448 5036 32045 78490 80636 78689 36443 45960 7799 35834 59059 29981 84 69447 18418 10925 65522 5199 77395 29456 25999 29936 58832 51429 29139 42595 48360 45248 77869 76013 16339 57800 27964 95853 15780 48005 8826 86546 63150 68731 7092 27658 1682 90938 33501 33121 52540 81102 67832 55833 93382 76271 75368 21682 70490 2670 45980 22316 92781 89117 77585 65567 41111 56688 36948 96082 67152 16216 69677 19729 50173 50646 72379 
621 280 
78622 47191 37205 69510 80817 19353 23409 53775 8419 94478 9217 19032 40331 64482 21342 80780 95806 36802 83480 50880 44781 54637 38911 76894 23181 9569 28364 48236 55283 30465 96168 75761 51505 2093 65780 70270 58435 58804 98175 49357 31494 46123 98704 27425 39334 32076 56062 13834 5892 65849 96947 60165 47597 27892 31739 42801 64785 76643 10663 75037 28345 50759 70311 55692 74404 81960 58316 26864 37598 55490 27402 27337 62582 99141 22597 6442 84408 22208 20602 66335 48017 10516 54160 2906 69008 94195 22591 53986 58571 78009 59634 86258 48511 97473 9888 89745 10460 88249 64129 67081 97936 6379 29620 53932 5475 53867 28203 99758 45256 46301 18877 44495 19425 83552 41351 40069 35293 80996 21875 28115 73198 94331 41456 25265 78634 50905 85873 34218 35924 99955 93451 25457 28483 51166 48582 54727 86073 59363 71165 41084 2037 12601 78637 41025 6121 13941 26213 7239 12582 19222 37874 73234 7892 27423 65815 72037 29588 9069 23687 60176 30461 90736 72630 15260 37299 63074 79394 62682 74243 22346 96030 88732 69176 68704 51922 91178 14340 85200 2415 98843 20743 45244 71064 59206 10567 37199 96641 83405 50483 76492 56004 45207 48932 10469 88362 40040 22852 52368 68086 19844 9772 46935 552 69942 35347 42834 44940 33511 63150 29464 87891 59137 62728 14945 10314 11658 79550 74365 44369 17798 97675 92844 36955 10207 32502 86758 44180 96590 11149 45220 69760 45335 11912 49643 80176 96434 73458 37806 3581 11388 94963 30679 40162 59357 68180 13329 36951 18544 88607 77959 57616 70206 14534 34237 20176 72711 19178 70746 27406 83292 97574 2914 82442 57873 28150 17618 64389 29006 16916 17256 4060 49015 64115 98002 27046 15760 7371 47216 7938 62894 
83 263 
63604 76228 85757 53270 52858 25502 87966 52793 58647 87611 47527 57677 20161 32325 15519 40811 42420 4939 3685 51707 85974 77475 74178 32253 57196 11286 96116 81048 5578 72943 85256 67146 39194 68514 83050 48443 50744 35456 68047 47475 64727 99711 89611 53802 8644 79068 57969 60693 93839 88069 18647 38199 51920 51166 13699 94031 69267 29031 68527 21903 95686 72682 20735 2125 97635 92500 80406 41179 4601 58265 4081 96648 64874 10698 84712 96017 76351 74501 26329 89298 2400 25792 9494 54792 12769 67278 45670 88277 59007 92882 97717 6393 88351 61335 45505 69464 96627 33246 39382 29491 55304 47685 805 67581 36627 84034 99314 67453 64732 48331 62223 62636 16537 88382 76390 25287 69763 84282 83648 12628 37911 60087 25475 20955 60967 75344 82690 24560 32053 86787 10156 59253 37313 84871 38221 68093 98169 7446 71796 12745 78090 75321 9076 36343 36474 41951 95619 28970 98060 96975 5080 24774 58478 68474 7532 47166 75901 86344 12064 46938 52460 26697 80500 24454 44158 84613 33632 41771 4039 16782 58935 7253 35564 86547 25702 43677 97142 13672 61238 47905 33505 66514 16985 5771 79442 83374 80980 50035 57291 60053 74112 37919 35862 95793 61837 56606 81727 72151 25830 28510 14474 3366 39440 16639 47953 54807 54149 34914 6779 24393 60341 93362 74393 19971 96803 26698 65309 5180 86369 8603 21703 5766 97236 55843 21620 54585 14162 65230 78480 70585 58713 58110 10118 64177 94260 26470 86804 37907 27544 66741 86142 16516 44188 74491 98905 88018 12656 81124 87133 84083 13868 76005 54177 76006 77618 19248 23976 81451 20128 79937 93758 44898 25711 
837 270 
74388 11713 6531 5872 37465 94440 36856 49924 62416 7818 51750 98121 93949 56875 17223 83693 79846 76839 87026 70113 97636 22788 38793 38126 5398 54520 41112 85525 17286 46699 48433 24253 29634 13698 93688 68011 77050 95398 7102 31324 36221 27414 82711 6768 91260 82721 45714 33334 43960 44411 75149 20328 21201 38296 50827 40783 39630 76963 63975 22570 75377 95148 84372 69914 976 88153 98569 62900 28303 82840 9215 5228 47834 39979 11474 30583 48408 59373 63669 52767 99522 39317 38684 7573 8515 27536 30794 58029 89298 66825 70953 40411 92459 898 51683 5304 956 17921 21959 90553 12501 20446 71675 79165 44401 21137 1594 43458 50691 48789 1878 63929 18698 11564 51038 73229 98502 60754 97435 13130 4792 44338 495 10862 23353 27241 77226 19536 45430 22630 21443 98306 88171 88645 48196 76837 16628 11370 94665 91231 69739 97548 46354 41310 19675 27141 54311 98567 56456 6821 10277 83188 84782 66048 32775 91767 26375 67751 46275 59706 23623 96534 92940 7057 38670 2915 66241 60802 61865 92994 78959 45434 30591 1122 49023 71205 20574 13083 74175 79707 4837 38871 80652 29293 5786 33500 23504 83044 24633 612 71071 67098 56842 70593 4156 11742 41879 50210 97140 13898 91582 96405 68036 87358 61892 32702 81677 58071 33483 95655 60524 15750 76569 66754 48148 93078 59859 36530 78701 42727 355 51114 43810 7160 52330 70284 94788 55887 28807 58329 90032 46555 96610 74915 46153 30828 95013 70740 56835 33359 83813 48007 51636 73112 75930 5605 96821 77342 50729 38925 68313 56369 87235 8599 4815 73574 39628 13162 68622 42295 75348 57139 29640 38610 66520 14883 37310 62496 39198 60324 
260 262 
54938 25146 61402 13472 44273 73983 64195 35775 25877 48034 39758 88339 36101 95834 14704 11781 21162 68204 94776 9071 57996 59898 50880 80696 26287 30087 11028 58273 25812 62166 45281 96169 44580 88129 13794 29971 11889 61458 279 72927 33415 59191 26834 31494 41887 81119 93520 84599 23131 24349 79019 28868 96978 62497 29831 43705 61030 91235 18973 34301 45376 18978 34338 72585 3820 89470 14519 69712 89742 94701 10852 4155 34195 95426 13944 72177 23280 84764 77455 17322 19438 51706 39274 91039 17648 52686 30261 82375 28376 80335 52162 59505 51833 56852 64341 39085 54963 88155 85188 89102 53124 99640 97464 62224 40787 59569 34916 69488 86851 1444 22623 13414 68041 93409 84227 29916 60321 90643 95900 18165 71949 85358 51672 76297 87857 73021 36922 82617 43918 6976 77755 62694 20774 16305 5123 42487 54738 37940 84507 74887 26092 16792 39866 64847 19608 1577 79675 85508 96674 70897 46979 82886 86074 44815 38173 16630 58912 78657 68920 75560 16237 53463 47820 46657 85891 8160 64723 13709 35437 58624 6183 61139 7422 76466 86676 88157 20743 85763 95930 74561 15172 90866 54909 87631 78566 27477 101 65715 10160 93679 59376 58153 82143 5795 64443 64579 48412 70524 50524 82496 92952 34487 29684 11704 6730 54310 66635 88835 23843 55925 61756 17594 9443 24202 51682 82372 37809 12463 3921 53567 52762 68405 68236 86549 49647 35969 27525 55822 62180 24076 43735 70532 25205 57144 550 3929 73227 27633 51963 62047 99690 66981 13138 37220 36951 73521 89682 10140 41242 48789 89902 70206 674 44076 19439 54152 14543 22794 25204 59617 26198 41329 
247 253 
8597 46717 51145 44607 95473 89797 34474 59772 18729 3750 32431 84174 42805 815 25444 19161 50207 88226 51989 12678 8319 69033 97344 73488 57628 41858 45714 69381 27107 71517 67603 12310 51417 69790 54086 22176 22133 54387 39403 1499 62178 99139 40913 65095 75103 95328 20741 34259 10418 91468 25068 86950 39421 15118 25132 38948 82579 91412 90566 20236 58738 31926 25966 61827 92563 10567 14447 55534 65950 5875 91362 46935 46369 15803 37784 83466 73490 302 27410 51349 17221 90823 8567 50743 18214 18815 92882 88748 95742 7212 79457 18458 78817 37909 9684 39952 7127 21281 55451 36564 70328 84388 42214 64668 52806 91819 41616 78734 9032 6149 67032 8015 19004 48029 68275 39128 15520 70382 61103 23214 98462 86347 7017 12823 41484 62240 69548 81081 28673 77831 8576 84497 37601 18703 95500 46720 54381 96077 81041 14647 62659 53575 37165 4412 48023 72690 88256 44660 62403 97409 98139 38159 7608 33659 90272 33422 38304 46276 88865 19399 4121 41824 40206 28009 19458 48353 17615 28519 73243 38252 76569 1384 30317 55300 42658 70526 96541 44359 22237 60012 46338 31024 54144 61950 38201 25173 69260 58844 64826 81902 36574 21947 99985 55420 3305 52535 53179 77581 65517 37740 42475 62942 43654 93517 27050 49751 21304 39204 56536 96904 95838 83131 54973 61834 26137 28050 62255 76900 60597 58993 17817 59828 70370 62713 56286 25235 33871 25440 2783 78211 3619 86962 78785 82294 6539 25232 90324 20787 47968 80935 5372 25874 61556 71494 34092 31733 54123 80824 77547 56814 59424 72824 63292 
127 240 
9961 15488 26769 22265 11456 93441 97572 69426 38712 89793 5056 58346 17235 45015 1860 76303 1608 1266 9987 50556 81407 21083 73254 81760 19631 36012 50207 9734 39984 77407 42622 70296 55441 96407 74737 29133 73291 53355 13128 12747 7789 47424 47062 15254 81810 54753 92209 40132 7084 50387 19861 72943 81604 31075 4678 49743 78745 60106 64478 43747 97013 62755 21776 12489 3623 82984 69002 54105 12485 15474 87445 58631 67602 74905 16198 3586 50827 62259 96790 68257 23428 57771 15346 93229 65047 334 86077 72133 98109 18371 10123 33368 99009 59556 42260 74887 15497 8091 20954 71760 74451 86217 92325 3477 62321 39428 146 7861 36163 98245 29711 78144 25610 58621 9069 79324 17995 86599 66747 51026 54306 53665 44801 35079 81770 1288 85763 59439 12334 78810 36863 96353 12150 98806 1234 54583 48830 56976 67513 82854 84162 12011 92322 58891 38952 22991 8115 22452 87523 88894 15734 1486 76223 75844 10801 52734 70845 65042 88687 77252 27299 8262 67779 35884 95702 70843 53893 42979 50283 12500 26849 85618 54368 30680 51537 17907 7005 83399 66782 3497 65551 43873 61212 34845 51581 48532 19256 38872 7247 56732 77206 75999 19383 39400 54010 92756 35586 30505 76083 18932 66867 28055 4432 31870 96816 57924 73022 999 64714 37223 15712 57544 5853 7470 81208 56716 35053 87604 31370 69975 98936 78903 51927 36229 83815 55898 95841 38606 74177 44642 17556 67596 88279 27832 45116 84898 23480 63417 32609 19417 
353 232 
59574 23080 96344 6750 80761 73537 94228 21653 92383 76992 17390 87554 3064 85965 4371 28672 12206 73475 85602 81645 80821 14708 27562 31736 59596 56746 83165 41608 99089 92865 50172 59490 61336 96910 73808 52695 33950 61734 62647 59949 8851 53791 69453 20602 78326 51343 18627 36460 77330 89309 72868 30574 32867 55321 86729 69790 86182 79668 73049 77951 92165 52685 11594 53259 18165 94030 17844 65624 98185 12039 90635 89789 92237 3827 34430 49652 48355 23683 39428 11295 72090 56673 60499 86413 95926 16757 90827 10955 51289 93786 42178 62043 20085 24091 9385 9712 87544 47642 35388 69096 73949 55259 1668 59564 35150 65371 56098 64084 23293 98164 64927 39714 39517 33208 20903 83160 71675 10821 89340 90399 41307 90834 85812 58926 25781 22674 3183 6829 88756 75712 86188 12473 1964 20889 78901 92492 62519 33384 65541 96767 69183 51765 68276 78263 53865 50290 35282 48691 54338 7207 12823 27831 56449 13205 78351 26162 55745 18717 88385 18128 23312 59118 91763 23433 51302 27065 28961 17897 11624 76309 70760 14890 81041 87328 58394 63095 74819 10423 50668 28986 23317 57611 48598 92594 88292 25970 55131 85571 62335 77307 55320 41295 88021 19633 54648 75136 87548 28248 13668 9672 13001 32135 79249 8820 87713 17013 68701 74303 7467 51064 95951 29519 77300 10986 35599 42525 82217 27752 69709 91003 52503 90831 7416 57262 61341 81900 47141 21470 22716 77006 64492 57807 
715 230 
16899 57840 85675 60137 76191 67373 55680 35782 67209 12905 47818 1005 39593 66827 49651 13051 52248 36116 67215 84897 32889 27450 29268 20389 854 50335 14866 55037 62511 21414 93625 28928 28708 67794 66249 52440 18394 50886 41137 93848 81281 73789 42805 39261 70439 38176 62379 49307 15226 17113 65435 78774 68052 6760 39660 73799 38674 57954 20272 23141 60979 50230 38574 46021 1617 87417 39223 18606 73577 30120 73794 27104 16990 44958 21993 93310 46539 48646 61290 42807 62434 32786 9771 55339 94600 58056 26945 37775 62113 45661 20585 91394 56411 15708 13861 13944 70752 9380 80404 49702 98903 30693 73167 20348 28172 49980 52325 63090 71059 82190 1317 76384 48405 51148 48531 69290 62280 57661 12505 56416 52538 64546 51670 85380 51015 31442 98305 84483 37168 34632 34600 134 42951 47124 86364 79148 36776 64068 30707 22119 62224 28916 9200 87264 23991 51401 95467 97462 33907 97351 77014 71747 47320 89508 43577 87704 96766 42710 73991 14802 69280 40069 73271 69391 36089 80639 32615 35651 19165 23476 93486 97735 55635 78495 66327 47461 59621 48516 12838 36473 88931 27710 1427 72573 12789 73345 77066 89237 46089 71036 44007 297 77780 18171 96258 33061 45674 40810 4494 68935 96517 48106 45198 89877 8578 84922 63789 37596 48696 50226 29367 2195 95415 76366 94924 26478 47084 8792 10366 12282 29715 91452 93624 28611 75657 18090 18064 89515 79190 22503 
457 226 
42592 84663 76770 6413 57201 33887 57023 96003 94440 59421 26289 21802 24388 13767 21162 23995 39367 28083 48255 59298 33802 32143 10688 6815 76303 8071 2093 5451 38176 63563 97320 79422 14282 72854 7959 48171 27425 8106 28090 20592 15302 58813 73275 11196 69129 51423 61521 50296 44802 82801 28118 93280 45737 59190 38628 20318 44749 47023 94958 97535 66084 48053 82291 82350 39337 52804 20348 34263 24486 49218 66349 68891 10639 50466 20700 94766 46337 51402 943 22339 29463 76249 54853 76975 73184 96355 49913 43374 95571 33328 93574 84161 24214 24898 8487 93723 2560 10191 78950 94057 97378 57687 77520 8882 96725 90522 8793 60380 35165 94663 4648 75456 54308 62432 93202 55808 97168 98478 63094 6111 89067 56403 47229 8316 34178 41007 47919 25021 70679 71745 42635 51441 37378 64989 351 59173 65279 33347 4083 91915 80196 74288 99181 37028 30547 10818 62043 48385 75062 45728 46019 65469 39629 56764 81869 15766 84026 36602 91112 55601 37857 60801 83466 46511 99803 5175 56815 73734 23474 88295 13374 25329 53983 40738 83842 71977 57737 99884 37914 13745 97743 77704 14012 31240 40063 55932 66228 36551 25344 65851 64305 23139 91061 83953 95364 79400 12956 43541 90222 62983 56805 41148 15712 94621 41066 20776 90869 88474 41357 95480 80283 38729 19706 56058 25006 77898 2848 29148 77629 65081 48691 8367 42788 50326 12694 18584 
466 224 
39094 73626 44499 15765 816 87920 99144 24761 96596 44502 1453 23324 50459 81308 60411 39593 80983 42435 83936 73909 8142 71066 47527 56631 40348 32889 64334 56051 60812 41855 93033 89392 78956 75787 34435 78455 98429 92949 76880 32541 81641 83768 38239 41237 4371 31635 40451 26949 6551 22250 93855 80813 79436 94990 78798 33688 84068 70433 29878 67167 49063 9151 86519 70131 38958 47564 64510 34078 75123 27075 57537 15158 79825 72653 91248 88812 40710 77514 85040 97027 5166 43726 78029 43625 37048 24661 10535 88850 14115 40039 69003 52584 35652 86554 81890 33732 68740 5802 17943 1021 93162 41525 13373 13302 35376 64088 72760 72186 29260 43309 24486 74036 7872 53453 48091 58982 99574 2383 71555 6195 74064 26139 37364 52162 76647 66467 60882 81625 13440 48504 45310 17999 65190 15240 40794 7174 38568 2286 92438 41219 50519 84886 3979 39782 91199 88921 99137 47773 67219 10122 63055 70012 68073 36881 43379 22555 33241 37203 61359 75051 80801 79506 80600 98812 94048 20084 73476 55488 43555 57064 59443 88830 72710 51645 12592 58637 13141 88492 54076 68360 35274 16165 23064 52949 91927 57019 98996 50404 39491 28573 6023 27003 10754 82618 17666 89387 87258 78633 68760 58651 17130 380 80463 32991 82906 58058 62906 31298 1556 34590 65380 55399 95594 72951 95028 97635 73760 5189 82497 91464 33938 43834 69068 28898 
267 220 
47311 400 2656 33630 70652 14946 1749 59939 23390 24524 50377 17061 95785 16595 70413 81345 1251 92767 54628 75641 49255 71013 13158 5694 23584 60442 4887 33581 70358 21251 23097 45323 35088 48772 73927 9151 56175 88226 68504 15368 79488 872 63912 12376 55585 34883 16346 67279 2667 68765 2993 32743 34338 63755 5325 88387 91346 94600 50660 25984 87333 50793 36307 15469 17324 11440 97535 63914 66328 84051 65518 94204 80222 50842 47945 93877 30352 36222 63090 91999 69453 75627 25605 89566 10810 40559 74310 54542 29965 64093 17796 87650 29380 71406 99579 60652 49569 78259 50999 24873 83181 32352 61925 6379 21635 7076 66906 64395 22470 58756 13656 55204 33510 40755 48616 9367 64982 41354 84697 5240 91623 74641 52854 58601 81720 27693 71731 94450 3578 19228 98562 36519 77822 36531 71106 80917 28249 68303 31564 12885 42146 28064 99602 43212 68191 59976 26831 94583 67717 62889 56960 2030 90147 4687 42001 38602 97153 43569 51950 81545 34357 42091 72799 92698 54316 5520 75937 12665 82927 85671 70590 19153 352 14642 58714 72163 99464 19769 63849 12988 14554 10349 73194 59426 25177 96747 60456 19978 13202 91828 89522 65956 37052 40707 4181 99248 1943 81131 8242 62957 2451 95675 82414 72857 60315 26575 38103 11117 13338 3922 57843 43543 47553 6951 96306 83976 84259 54035 79795 10681 
903 214 
77431 83912 68619 20045 77230 55581 12943 94166 98450 30937 28855 2635 52697 34655 49244 3750 43243 14736 14355 40197 26078 54180 34253 15076 16795 24613 21416 59546 85778 50059 51352 75968 97636 8193 91499 70172 93675 31942 24040 12375 49400 15269 12980 1627 2150 5218 73794 66415 58448 3635 88994 43408 40103 14257 34726 14115 34059 30787 10419 45493 97301 30871 82697 30550 74632 95864 56982 95277 69453 75588 77880 26110 54160 17334 48921 78308 13652 53453 29837 35041 619 25156 72468 5370 60794 88119 88752 72553 10598 14308 762 75572 17860 2096 51740 78550 5240 65948 66148 75101 57490 48391 93309 19714 89884 74642 21037 84198 61975 28243 81508 71787 26888 55820 15054 1975 49034 80992 82718 44686 89998 70978 57673 201 87646 83580 65750 49684 22624 21728 16586 44887 3713 68636 82144 99071 53978 6989 66008 29857 56152 21921 76883 84555 86647 49918 73672 8115 90595 52736 4682 48021 16192 26703 71306 53365 12525 87305 77051 8590 8640 63215 88957 95381 31066 27043 36948 11181 75081 90508 56592 48933 26035 47975 19694 97384 4557 90171 74249 30029 79540 55297 83824 95742 17739 46538 18040 10888 55191 480 55415 72014 16326 70006 85812 94869 21125 64142 2959 31280 71473 86527 16037 9785 67810 47216 59119 93514 30332 83923 7514 9052 12451 3258 
470 202 
28110 65173 61684 46598 32433 23422 89366 79670 2116 23795 88626 56875 33288 29849 67003 99491 96495 14251 39940 26832 46961 27104 13926 88245 55339 69337 72456 63017 48680 20792 65502 91640 5681 91405 94501 24321 78995 64218 11121 8326 66900 41469 46109 99839 6486 82466 77467 28847 12521 3218 34097 64986 3057 90417 31480 41456 37951 18724 297 32803 55796 68051 4153 10399 1330 13536 31256 87290 38690 99570 73747 61404 22299 15986 68976 10577 81443 63651 21715 39888 4833 36739 15692 37406 97134 66947 53014 71556 52941 47552 4739 76287 96922 2952 40562 94991 66065 68060 20243 72165 6059 71403 29888 39779 97016 73642 56610 24654 34569 67820 45501 34015 66818 19637 99033 31532 22387 1294 49700 94531 27285 29923 48393 44759 86355 29591 96733 40558 76275 99797 99606 56759 25638 71423 10958 99169 69477 79091 71592 88992 71089 84852 76388 82173 43829 33644 99692 49371 34102 51742 45890 53114 72981 46062 12208 18965 83031 94367 62538 8972 40887 70169 46392 68845 3173 35390 27838 72365 65258 61197 45637 87378 73491 23713 47336 60510 10103 44708 86639 70961 47314 86652 2771 97813 50 86202 32974 7711 7944 66105 24114 81322 5407 3151 40972 97139 64898 11719 61768 80759 57318 96202 
615 188 
89943 46598 51571 71012 280 30409 11171 16130 12562 82775 58630 73902 32703 64500 390 19442 97082 59485 14359 47632 92984 38578 57996 33802 23582 2930 89723 68189 30642 42420 57633 92632 79463 39986 98101 12768 47193 31322 98617 70666 41171 54983 79128 33860 144 93117 88447 21509 76685 9283 66859 47218 93160 60983 35120 70574 91162 33232 5645 53206 54785 37802 46074 19640 96069 77364 30951 49600 80680 59270 8497 77976 6460 45006 9326 72456 74620 79439 99310 79427 1245 5820 35299 11440 9000 61368 85228 73641 7353 7153 51819 14701 57704 9866 7169 12423 63527 85730 3360 58768 72725 34665 5125 35298 51343 28491 99321 25849 33156 69784 50382 2166 2550 46335 80952 54261 32409 27548 99177 10597 10636 82284 49543 22105 68197 57455 4565 32973 77126 49286 72481 45363 23216 85086 8615 77530 62509 81303 28547 45879 92553 66079 39097 78941 46237 11559 85550 61724 55828 35451 76963 81711 23428 2623 67436 24925 47567 68073 22960 63419 36881 82681 41629 2321 81086 31231 93349 61221 59621 85405 97824 52347 43613 50305 60051 92857 42994 64192 7766 40309 77104 8787 15330 36422 79304 57019 59112 72154 
242 185 
71813 24818 6266 34329 80862 66289 47879 6003 61332 15076 481 5084 96781 84292 27691 88404 74189 59270 95296 4377 49756 96624 41876 9219 63075 81625 65278 97752 91934 104 33153 51691 42511 55172 67593 13847 88412 92467 48759 15689 75252 49547 98423 26466 44600 6136 81996 34924 69951 15998 94705 40394 23496 36417 85877 20191 71910 84005 49174 12081 1303 30451 30964 23309 15635 16393 32858 57563 37570 90722 78572 65180 40948 78954 45038 64947 38924 27769 94339 65383 17933 61215 20339 68310 18145 49056 93575 12896 97427 5870 77582 14799 41395 92149 86359 33401 20383 55520 37892 32637 90908 92629 69741 12518 59530 58919 61062 36540 92904 90364 63767 5609 64039 12546 70020 69834 34008 23206 56439 38221 64978 36182 77616 53026 26568 40346 47442 22996 43758 12435 35599 11331 53136 34971 67911 8923 45413 60107 55372 33638 53231 50317 57836 18451 47075 11812 54731 29481 79359 26544 10895 78544 53088 53963 38343 79920 53320 19066 15059 14607 94757 16347 3786 92933 45930 90570 43398 48619 84195 5660 25171 33364 64322 54158 63064 93438 98441 5931 17024 33716 29132 94394 94725 96865 3963 
402 172 
72578 79108 2004 78422 30074 50050 5646 2879 34119 14330 30354 60694 3343 53193 90280 82343 17793 57274 32611 24622 54852 80515 93476 40779 3717 51336 47597 65613 78643 79641 46614 51430 75037 44049 1184 65943 80459 12849 90945 88387 17015 55871 87299 73442 69573 41695 39274 14571 49141 80568 38248 35460 30479 44855 42951 2700 77434 33664 77126 56200 97399 22178 71156 58211 31207 86960 78258 74062 66079 45911 40326 53141 63140 8335 79041 18828 40044 97741 80965 58050 30507 53694 60326 36682 70924 4814 63963 85899 69471 25068 80929 6156 52444 94741 19532 96294 19613 93540 49238 48521 35287 47888 74450 76559 33973 71735 74057 20629 91233 44523 39844 97841 85060 34074 51102 45712 58095 67801 19554 33735 33498 28157 6599 47365 60124 68014 72163 98370 64257 50787 24634 97705 98117 78196 83149 92807 1454 13202 47121 91565 98854 77219 34206 62715 54019 23104 41841 85842 12788 45546 70341 19101 91675 98420 39629 3441 45277 13703 75368 46139 59252 4947 37208 74405 55684 34659 80533 37514 1782 77021 32632 77125 
614 164 
7785 85675 52923 27162 46598 15509 68121 25260 89419 41214 601 31854 84717 68888 24388 44507 42112 7245 26854 66903 82338 35329 22885 97375 78757 15735 2638 52777 83030 81407 31152 86736 96293 34810 78357 51579 21555 80101 87839 12708 73478 80556 11621 71432 16498 32744 12900 49353 31736 56983 55717 61396 80092 24910 55090 85227 66822 25069 6774 79157 87417 97500 80388 59270 74744 26394 61550 27653 61290 53280 10542 25724 74385 94593 35873 55608 30003 3511 65969 38331 48864 53791 73304 38976 61899 38332 55761 35957 23182 91998 44056 38920 1254 69312 76761 17233 29685 81937 73155 70809 8915 50466 91066 10208 87077 95289 30854 88056 4487 59883 94680 17830 31412 28012 42943 19906 67824 77566 7625 45398 49403 1887 85825 88916 60739 3335 98007 93065 70111 81924 53238 85367 2145 19497 19967 74380 7827 82664 9294 70677 44932 99778 97604 55156 48176 11643 47170 43127 40817 71620 15634 87342 76076 79493 5078 71496 94752 26453 5201 68268 61404 72336 53345 27602 
200 160 
85208 20432 69857 99450 38987 91677 28834 22999 42974 31918 95827 66231 41637 47674 41648 30647 5916 61702 66145 71955 23808 47803 5822 71463 88054 47046 54597 91788 7729 82889 69965 24562 77663 53959 46037 87034 15227 31873 91319 18760 37002 26082 5735 92936 31585 6630 30687 45907 39097 80944 18743 4170 36366 43503 95373 12884 93486 236 74370 40913 76803 38266 22823 55347 33756 46133 8436 17016 50755 70717 74768 37343 1580 54905 60334 25748 9629 93601 69126 44160 32243 10215 76194 51296 61124 42777 58371 95490 35699 6980 92860 44905 38000 93172 1787 81869 10732 27590 3068 36468 65180 32628 79046 42640 89002 30952 41967 26358 18581 18040 71372 58727 86166 85515 11365 82538 26388 69149 38964 87381 45152 6416 56194 38478 42504 60807 13208 73664 7660 75519 50948 28950 49096 2167 1173 8083 45578 99904 57566 58382 82207 79341 71328 28111 78089 35660 51313 69193 10398 14038 34756 76037 91627 22785 28230 42195 53336 2000 17275 9792 
475 152 
43346 87263 55234 25989 40901 7668 30409 33808 69345 56898 72091 79992 10913 959 58630 39593 18745 69538 85166 52403 16739 75788 67317 21802 37339 11987 86162 16888 24753 54940 25694 50980 3943 59307 45091 69943 18779 50880 450 8725 35667 10578 94519 78330 78593 70375 82298 43842 67357 10121 21679 85816 90253 57001 68839 11031 71690 8078 86303 25239 5552 44677 5393 87026 29786 69218 96706 8504 96568 25036 66248 68712 16679 59084 98956 37612 5502 50392 2316 54674 38059 81080 69830 43705 79124 61967 97440 97837 25995 50296 81464 14643 34883 54380 46690 98473 54324 33578 27653 59362 50028 44208 13006 72351 96137 14878 78656 22935 16955 51550 5581 49607 61076 73808 88964 89949 19845 47750 15880 91120 98580 37130 22199 47144 54446 38664 67004 65364 37314 59631 61688 56997 1417 92477 17458 17229 25075 27709 90354 15569 44987 24194 65639 24988 49679 51514 52515 19854 98875 50029 48067 31302 
742 132 
23015 19690 19863 79055 11979 72700 62753 28076 14494 77230 6699 51183 43383 28735 6382 47580 76998 91545 42868 43842 74777 13220 45129 99453 19803 95340 65171 65140 30246 26078 61332 53092 24269 74595 18005 72220 94012 33601 71639 4953 33502 4011 91416 37269 16252 33855 59601 21829 64501 4104 79311 62579 78023 50296 39604 485 45640 95279 34211 47377 96595 32927 58409 48985 33217 30971 26973 38628 33517 75832 10900 49715 23304 8172 52410 67878 52593 72725 99064 11438 19905 27890 81134 99008 21071 13191 19533 57573 75680 63658 14818 95116 55592 62336 71838 73947 3438 21973 52283 88465 39563 69220 9729 49847 42261 95550 73851 90071 33153 77404 6490 97623 87101 9686 62523 17218 92476 70796 26429 15932 71348 46493 78932 14288 69702 72131 15101 902 25265 22241 18371 59052 
389 128 
76298 13785 11303 44502 81213 75425 63486 9472 9591 6825 9770 64237 69233 83427 20389 21034 65110 24279 64238 40583 88482 68856 2347 88515 66599 88481 91651 77354 66231 43870 11410 4763 46127 28689 35681 3638 24206 65882 98043 31433 99477 98782 35446 36913 37071 84124 66356 31455 59593 46961 81132 90963 2512 98604 69718 18061 94302 66584 32150 55792 72820 3381 83477 92552 23250 49648 98430 42842 75538 89228 99151 41028 5548 38789 84983 54963 83597 66657 33389 44083 61091 62224 91015 79039 97994 38251 40077 35374 17832 60118 11080 84760 66718 14951 83618 80965 85051 44577 38905 39492 5876 60096 27289 46983 70938 18564 26844 8762 65571 70288 44042 77631 82604 95627 595 75666 12239 86565 82968 59035 22903 75287 79432 50260 52820 85390 34389 80359 
160 124 
88844 34324 98515 51508 62939 39708 46717 8974 69342 8614 95868 37274 32994 64219 13568 51183 16094 98450 89797 77111 28202 94292 41855 37719 7615 18301 82996 20529 16456 59094 76303 95352 27272 48692 88124 93188 65635 4939 27584 21214 30694 28669 90561 9144 83869 29221 48138 27551 58195 43356 34142 33714 34876 25202 70285 72910 32310 53779 41052 59814 6203 73788 642 90524 46822 6268 60350 83222 72585 67033 97953 92486 99358 10589 27554 80501 72202 5681 98406 32822 87315 83084 89994 139 3773 84619 48477 1558 55997 88540 29946 80426 1083 85349 2421 32696 48190 36321 48524 96119 32472 13499 56893 14430 25481 44935 57175 24105 28547 44728 47587 8282 68270 18877 99810 73717 21562 74687 697 35824 6048 29931 39647 71266 
861 112 
57840 45331 25502 64012 17696 54494 44332 57690 93717 80519 93472 33809 39248 31817 54180 61678 18352 46188 52435 24103 58130 45549 41542 54112 59660 26380 83289 78631 67093 33733 55166 64511 23940 39540 83649 6255 72039 20210 7906 13577 61044 82306 45119 56692 37002 47669 38107 44573 56205 16204 27025 99346 3848 83950 93727 88875 80598 51760 87366 11594 87192 39193 58515 67118 70536 37795 11647 20273 11865 68892 89478 40658 4370 31564 38326 18212 3463 13141 55597 74320 56278 95299 29520 44938 36762 95270 40739 47870 11601 65279 12110 25541 11346 25348 20929 39201 13659 31636 6528 59528 52368 39855 57786 28136 69364 94656 77091 56830 12999 49848 15899 85255 
633 108 
39363 87234 89943 59049 93275 24713 24174 85025 59149 56704 36856 28438 81213 35846 99704 47292 78960 48774 58370 17777 50094 79773 19993 1849 29734 57719 13600 24289 71206 52585 28543 59255 31610 74091 30087 37849 40811 67533 42420 31022 3176 41723 76620 78743 22856 83768 68958 71223 34488 41925 66400 15606 36112 2546 56763 85658 89060 83662 15719 36761 4970 54254 73106 60160 9303 37099 71392 84401 28788 68003 49183 38125 9459 2596 32971 15232 46501 26218 62409 9261 89949 40288 68011 57110 24315 81982 50635 69466 57334 16244 36919 64813 73024 56323 56997 74976 73355 14205 46646 27183 68864 74710 84346 31442 43981 97052 68616 82088 
766 94 
67582 64219 95298 73890 6543 99473 66599 87919 86303 54559 55886 1386 63677 93067 68741 20685 5684 29885 17645 69004 16015 50382 86167 44060 66467 87394 81631 77966 47250 13631 41821 39354 64463 92093 11519 99082 90301 81673 55518 11485 66777 62725 6262 5005 41547 17954 62321 89028 25748 73399 61680 54965 64562 51895 53023 81106 86502 73631 412 99138 13909 44778 60519 42817 20730 84390 91152 41945 13423 30359 12525 82842 59852 16647 5817 36565 13161 10455 99534 94891 82935 29296 13275 47594 76055 77959 43542 55938 72437 42794 58670 80174 77010 67884 
101 84 
45222 79755 27497 9814 95084 85266 78586 69219 21691 89681 62027 78088 52793 42435 44552 4930 39900 84829 8542 25694 28177 46389 90043 13395 26214 66289 51684 45969 41267 72865 46763 73553 17223 97273 6947 97224 76092 52800 53092 81281 47788 87248 41008 93569 28133 45510 86245 49329 57448 39158 83993 32488 21049 41887 16361 63977 20063 42622 93307 5624 55073 34140 7806 81500 86510 56188 3944 83512 66356 12725 29313 21503 96912 42115 9825 46662 37910 31449 43093 13698 49756 78805 54815 38500 
298 70 
83710 56395 69621 93192 27701 61259 52465 88350 87920 50075 33573 45862 80771 57023 82093 75425 50925 12903 97774 80744 42435 90315 33852 24087 30653 46375 54735 61613 62658 29424 44058 65217 80504 29934 87743 69754 60517 11016 18608 63496 20097 60941 53740 98016 68983 16736 79875 77058 81915 27272 1860 19359 27567 37635 92949 12133 15653 19309 45219 59546 44975 19441 43605 20403 93970 92798 67903 72168 640 21894 
665 68 
45746 89558 46818 45594 82421 78422 81308 81457 925 98268 17267 3494 83765 66485 3538 17690 83464 71330 33719 40601 91369 12775 19201 60440 44618 96532 37597 46173 55758 27083 43979 25296 30863 36336 18095 55701 49645 67018 91630 89373 23956 79179 46593 41012 52021 33079 12229 10098 42115 85554 11834 87914 64213 99312 55995 64374 87564 56306 10150 42967 4084 78711 89127 57511 20602 53071 44027 97202 
606 64 
41468 62375 88629 34844 71395 24111 16909 93911 99332 24913 31915 51839 33791 71167 13059 35635 51808 46454 17488 56303 31432 99450 19346 17870 56022 37720 20161 11705 29397 67246 78824 14772 66395 38623 49687 84429 28195 22581 68841 42805 55358 93998 43979 98594 279 89528 15733 88365 56491 6965 90554 61198 22253 306 29184 98469 30744 33466 72722 32722 21984 12106 30325 37802 
313 58 
47148 46828 25978 86208 57910 72980 63624 49651 33131 84200 57014 925 84977 28168 44665 42161 4570 60694 80696 77767 47855 15658 42082 77687 98399 67381 42823 80703 36723 31168 24331 11196 23116 16982 14134 28783 61550 53525 59158 29230 14061 17723 31644 48680 48989 36014 45493 99303 47963 84854 36222 41619 14121 23626 40952 17035 62514 63381 
717 56 
15488 72500 76770 2169 36031 54598 86744 33573 27079 87908 69219 87996 16098 58141 89972 85166 19680 20008 97572 22563 74891 98195 4743 99152 57480 25169 45881 22496 3775 5042 69754 75993 91250 90808 87190 81602 97633 58798 99158 81854 62172 60201 30087 66253 77767 99096 75222 77075 55434 6073 11240 62960 36689 27764 32145 1776 
483 50 
35898 93662 30173 26926 45862 39689 49351 71831 25053 91271 74488 69233 82686 89796 77701 37184 11782 67699 47614 6003 20026 26079 42161 16428 61019 81623 15658 36707 53560 85711 22856 75761 98510 76880 41008 53274 63028 17987 26890 22370 21555 39158 44184 57922 60185 77191 27948 44494 20435 16600 
828 46 
39708 73279 70906 59132 69800 30409 39331 21717 89683 29619 53964 64549 80862 17958 77900 48429 95623 46254 60890 3857 14518 4515 98619 18476 30567 38235 9549 94858 42064 68698 84758 82426 23445 80631 70198 24187 45352 65836 41638 98316 48220 15013 47843 71693 8626 34347 
700 42 
74407 77431 70103 55395 66192 46828 83710 88172 66053 65526 42524 72369 39804 77690 20593 400 19162 21527 37025 51351 75822 39329 61613 34320 5597 2879 39569 55013 74477 30355 78506 34052 30788 86008 21414 45865 53446 60941 15467 77158 34435 16325 
603 34 
81077 74347 43254 95203 69436 83416 66942 85633 39804 99568 42000 42429 5741 37095 50459 62733 60895 30725 77604 41105 70584 80513 97361 80912 96015 75397 8750 79975 4355 62218 82675 94228 99565 96289 
821 28 
30508 73265 75940 28298 35898 7668 70620 31915 18158 74838 86476 38034 81615 14250 46081 98273 6125 44222 36235 42153 69874 60099 25052 28177 25755 50748 51089 83505 
662 16 
49830 32874 65798 79669 3826 15765 14084 87068 54913 9472 39953 17703 84128 38647 73147 21087 
923 2 
750 59203 
