61
233 75 
12612 72800 98639 88769 47390 88461 56514 28283 25262 95770 84370 60486 71385 15738 6489 63762 69606 83721 14044 53928 7574 17990 26943 13953 48126 73002 49723 16149 83716 96984 28073 20353 44501 72359 52542 26491 41182 1602 10642 34989 82027 77384 94158 58864 22883 67783 48463 72822 39377 67116 76529 61684 54594 38056 24361 50994 18886 82651 49919 19845 6552 18159 45297 29566 84936 89884 61363 68014 58815 62034 23855 75648 80620 95929 65203 
566 270 
67314 85408 12157 47370 55955 93222 31871 4269 86104 42859 79350 74083 88139 64084 33170 84881 75113 13058 46658 70364 52612 89540 93751 57091 31570 62017 24020 45976 89339 13036 10914 55920 79072 88308 83262 44570 32469 51309 21166 87115 45995 44497 53186 37223 52344 23102 30456 78842 23414 71595 29173 79347 64462 65214 79723 43804 11568 81209 14459 73131 68212 27138 32918 80431 2562 10795 78644 61947 67835 67466 34835 38700 49591 60690 83077 35619 68134 70821 44515 21511 77085 55272 30784 85576 41275 4776 26796 19485 53576 92224 32884 43912 14401 49209 83153 26692 79809 76704 7865 93532 84436 17664 12567 36530 43760 57183 61347 12161 17162 80915 28807 15174 89359 61622 41416 99075 10859 89054 86903 2696 17155 45383 72086 23438 81981 93334 7294 53615 89461 38833 10252 82565 26337 38845 55965 13588 98228 6814 6201 82463 18260 17678 97495 29537 25196 50364 86373 75134 4596 58 38343 62033 76846 48137 36108 59085 17797 94733 5854 49086 53685 84832 97940 74904 52544 12082 65566 52841 71953 94034 55025 39586 90698 76602 67933 24002 99039 40963 42756 14435 90315 59066 70584 39313 41392 74061 31833 98614 39523 83768 79702 80697 16914 38264 94815 58922 79782 68975 62935 14134 37734 32065 51660 89095 74626 25775 78805 17376 4985 70079 967 54256 54034 11029 83308 75390 24154 34779 71949 14613 85866 66836 16165 94965 10603 71764 17968 8829 64831 56063 86163 86022 71632 16318 34962 14046 58455 87725 33046 48711 3721 34484 912 75673 23224 13716 81532 92906 89825 64974 1450 71482 14515 67760 91797 35763 1340 70501 13037 91343 80289 37463 62445 31234 904 63239 53337 48112 60113 8392 
316 226 
75062 34616 47273 77505 56212 7426 96874 27590 87306 71260 48810 32542 8676 72022 31953 1988 41167 81348 94497 98893 60397 2137 33556 96728 94807 3179 84755 43744 77214 48088 49335 25309 77059 66694 45887 85097 65990 26928 20489 14244 71317 83034 74530 28111 83915 3889 45114 32457 96259 75078 1591 91318 89386 11097 88947 40476 37633 1333 44132 54607 73761 62644 66571 13679 70737 49042 2659 55032 79996 26226 20740 77078 4095 61631 11253 18495 55697 94774 86660 2640 95325 57317 79323 9794 54039 16725 33313 81105 58413 21621 52935 52354 72445 74885 32462 38922 7152 32506 88578 32913 81878 1910 40043 20767 76449 36348 52101 53297 50445 38193 56351 89781 79359 54001 27335 43944 28442 18096 29640 55024 76573 37133 8446 80375 52317 50413 87682 59102 77494 86685 61658 6539 41902 38150 10299 69617 23895 84170 94703 70723 39973 56828 3612 92513 72918 73265 11938 84200 76779 93231 37184 66072 1853 68985 71013 93756 21251 41591 47637 40782 21900 15368 19578 12678 49629 13219 47767 9030 28034 38603 76044 71680 51018 93847 98292 68083 80578 45738 12078 94063 48626 42129 77926 74448 90317 24752 56026 30606 59112 91004 99688 65175 7726 44721 26255 34360 29628 87109 13769 9600 17371 19065 5903 16497 4066 55689 11698 46041 64358 88757 48515 64904 20218 26310 55014 47075 71985 11376 65157 68092 51259 89330 45424 92734 19235 55874 
666 388 
56274 87670 23125 57976 24518 39342 59445 13755 69491 48396 60544 37957 41051 91115 10715 17798 61691 420 23132 23574 5817 74317 84378 52227 26143 55176 49626 62423 56441 25733 59111 52916 68343 92229 28978 87545 81780 73969 23253 64087 99663 90858 97430 24655 27029 30108 566 4660 22382 34856 40208 39064 76481 32086 91012 11952 79500 95354 33246 1988 10894 47961 11365 15699 82117 40485 55747 88510 55899 84569 4836 93417 8056 57452 95404 60957 29116 53738 75472 87288 34244 14911 64405 89634 30260 31859 18089 81841 33194 93913 62654 1053 46108 13990 74319 19166 53622 26395 45254 87469 35965 56261 34299 61593 13519 72718 28317 30581 24436 99150 24068 31756 60644 25611 49410 68237 36625 77489 76713 48750 99247 91401 61015 34102 76551 69398 96324 18885 84849 79361 95533 54500 29113 58109 96111 5977 43246 15866 15959 52939 83721 83230 87188 41489 55476 20556 64673 12201 72044 53000 21572 61522 77019 2000 61989 9266 20799 81534 24674 10263 89381 29993 72230 65775 40285 28319 71411 55181 73036 74017 48753 33290 99193 59645 66985 87191 7484 13940 99124 74203 9056 27174 82891 55546 85731 27932 1430 5184 2304 70417 2399 15194 85679 27639 78908 74895 88716 99947 90896 65509 39033 93129 27051 688 69208 5929 98949 19884 69811 37821 39753 78729 17109 20934 16437 428 49356 16210 50210 58781 8756 89590 40803 60149 57650 2270 4289 36155 75192 7113 38490 41736 63591 1743 32399 27232 22492 15171 86831 31521 29682 81181 67443 28502 36957 32663 65332 99819 33312 536 65785 11696 83712 78325 13453 54245 47120 36773 38505 99848 34222 30827 22132 90692 34961 257 75260 10816 12477 70618 38941 51363 9893 33944 59471 96835 98679 42853 36054 80760 25126 35077 54481 84900 36981 8753 14389 88065 88159 89667 79586 56975 269 1306 4720 22850 73408 95638 4172 91727 78562 41093 7292 60204 9014 57271 99201 56765 48243 45828 12154 82154 51046 3029 60611 51781 30893 78971 99441 48073 17678 11044 43316 73202 11998 73079 68277 92432 56597 81429 20074 62257 70055 49564 7747 60787 24687 44672 55299 47362 20482 15425 88284 45650 31380 93009 83271 38042 3742 65512 66149 79684 50552 33390 26046 6909 85676 28414 78735 34662 30023 9624 94733 55785 68979 2799 54746 28276 21571 94694 65464 62709 96122 22385 21403 44767 21266 34677 45513 8538 54472 49512 12035 18114 16365 75938 74257 29440 
434 380 
20221 39404 552 33939 23967 56980 39860 45491 30964 65036 41327 14221 23843 81509 93946 73352 9070 73217 7937 73545 38702 49576 57593 82090 94308 96466 70021 9530 58706 17685 60088 94991 90380 15006 74085 9513 35969 53170 95269 62042 75619 81626 45942 77485 83537 550 59356 88426 2325 59437 95683 69856 40416 81458 87540 29484 42016 1851 21137 21773 37164 87009 93810 36875 84843 17159 19901 64738 54879 30437 4659 28695 1225 34237 79709 73384 13036 71552 98732 57190 45369 29345 24467 16681 29991 1821 87651 60565 88032 73286 39863 78071 53370 38594 85263 67810 10632 63982 57572 72215 61512 3661 94948 29307 97733 17927 41509 41287 43814 49313 69785 46078 75313 17424 83076 20635 2188 97758 64553 26600 23168 60717 23676 12648 252 75372 86697 83929 28030 32239 96345 78746 45441 32778 79810 11988 27999 74675 3687 45962 17325 42269 23029 98246 26593 83009 81577 34823 27361 76394 49443 37286 62981 99150 5116 18293 38834 17998 48455 94730 19804 76196 70890 25944 61767 46844 91403 72766 6851 56047 76381 14756 93214 30224 58856 49257 3731 22509 70293 21902 15702 91817 54535 24428 39905 30373 50016 7819 80389 44970 63399 86353 80877 33371 26699 85864 90671 15993 6441 92603 38616 3339 56729 92866 35441 7411 13520 19210 48548 96287 94287 80803 84462 99272 12129 75628 15352 61530 16503 92248 94638 1379 28719 97068 25975 39734 96955 34658 82972 42206 26157 21675 5115 46529 92193 13722 83166 29993 41740 32186 26302 51988 27667 71459 9818 31934 95907 62794 80166 74507 50409 87998 60952 22756 84054 20134 68943 66939 31166 72747 8095 36363 49095 9418 42063 3321 94620 89853 51431 71846 6803 99924 21321 60438 62250 60684 69138 30764 9135 30103 83284 442 74521 13555 98257 45796 7358 59941 92870 24633 65864 51496 14299 66925 94992 3861 44467 99769 23530 54217 67624 79474 67719 67705 92541 88963 14401 48301 45414 38582 16670 53659 32540 3168 12880 87087 79456 14436 54991 68756 20816 4890 70891 64269 52993 87982 97898 98998 84870 9051 24578 89173 52914 34719 99356 88022 58071 76799 74299 48015 58523 54556 16959 99460 30512 85544 48010 3668 86318 86597 81936 93274 76341 20412 27881 31468 19679 5588 76409 44709 55633 733 66976 75757 36581 97420 44359 22246 95247 70862 67996 83386 92572 56207 76050 25151 90252 46900 35214 8275 
31 285 
48614 84387 42871 49970 9712 54174 32206 72377 8279 17689 45106 77231 96263 68293 43896 76474 67827 43305 96574 27096 40671 62738 7206 32030 28842 4564 59371 76002 23038 95392 51582 4283 88695 80747 51788 97170 45368 41167 67839 91671 54769 85263 17427 39668 54291 16212 75142 30112 77412 64861 68992 3927 11319 41733 91281 5465 20673 93273 13326 50247 56782 6993 94723 38425 2072 86083 53596 18863 84882 57146 39269 27642 99194 65316 5115 9258 92450 49591 15462 66966 52436 98548 13125 25149 5300 90333 3073 667 74420 35723 24234 14938 77824 37846 11884 64744 32304 67412 64281 14176 29152 9338 53494 57844 60629 20213 13387 66236 70837 83268 95144 71698 83916 64162 19875 35468 76962 49181 1673 29740 90116 70468 4848 73230 57461 62714 98364 30174 97151 41605 66133 74050 89622 68764 50976 7410 37859 64648 81539 840 66865 92055 12338 20378 98968 12968 69703 46196 70748 57379 9916 98858 98443 55306 37972 86881 61237 26400 23347 61432 81649 57437 51736 76004 18279 76059 24743 4819 66307 28585 61919 67201 36995 73290 4092 16208 32645 37725 24739 91629 15108 29921 60550 63499 97463 80432 54494 62218 78075 78880 75222 11716 99349 79949 60450 12027 44810 63357 20828 16785 59084 12457 35343 94972 30081 44094 34411 12832 80979 6819 2993 30970 75624 45720 22459 96981 1973 23144 61564 19061 14929 15387 45582 36745 98359 72543 69835 66834 33008 23624 68559 58127 16616 33381 23245 24381 22150 61433 36762 35186 12333 23736 3389 99912 14914 9216 88733 93158 78132 63397 55534 48871 66204 96134 58445 98496 18008 38881 88653 71139 98493 79141 93383 9291 93981 83448 65932 30060 65967 2841 72407 28241 12646 93830 91039 21781 38719 20095 45857 77822 61324 64453 8104 89412 5077 
409 320 
21891 76095 56212 31796 20668 77585 81651 57217 29017 81702 23417 76644 97261 26615 77138 89061 2883 71675 51444 57837 78068 44857 53489 14043 97430 91208 79484 36917 59498 94911 4416 79479 1774 69464 37566 32167 95446 86700 70347 82649 429 56032 7995 77904 67752 71220 61561 6958 61069 10958 14823 81533 21152 50063 69052 42760 11681 58197 22221 55948 68300 1095 63318 83802 72795 69238 95121 57367 39598 71038 55244 55574 79881 88829 56123 17338 61656 59640 14107 61189 52658 14052 42773 62941 24316 1468 16131 82423 74574 41360 78715 26446 74465 13024 32856 36305 42743 81744 92444 85908 41181 26107 41545 4372 26441 24545 91062 25769 39753 62334 50308 89275 67804 81176 73687 81244 6710 16011 81784 28504 8789 84978 64573 49121 34597 20044 74784 46186 30535 12477 88837 54452 71584 10185 32474 13684 48054 29740 18778 65002 47187 93442 91079 98740 40129 53958 22768 28384 61959 34274 92558 36851 39991 35582 99017 61932 43716 44931 91818 9791 19263 79839 12257 38807 2162 70989 43082 15187 81585 72750 9930 28988 86559 6914 51050 9228 51964 21187 97691 30239 78587 98713 51334 41014 74988 13429 49363 12588 19472 32963 33430 18381 99513 33532 88188 88463 75408 29695 2829 39801 90997 81949 42046 77559 93088 45372 45676 64966 87441 2004 73984 8572 56547 30851 51178 69730 24087 47527 17062 84829 50335 99931 3512 23010 42112 86152 53861 91139 1692 32930 430 24564 55493 69202 12086 73254 20427 33860 47780 90512 56983 15307 7653 41722 69833 60357 16322 4045 72293 88812 67714 12812 55166 94696 96458 82997 24224 78387 32844 66371 10597 9512 17233 88533 41285 39022 17445 87963 24066 15512 5187 40826 34036 16721 92779 8865 84879 92744 54634 74057 69565 21758 67787 45247 16497 26953 79335 61181 34353 3947 69100 82029 89188 56527 58202 71982 67726 77454 6955 46700 87266 68954 4655 72765 68092 7479 24022 10017 37700 13037 91343 44114 45793 52795 89489 66652 34038 88644 3429 51925 
996 362 
7703 64635 45258 45546 31676 76443 53602 8456 45724 13755 71149 50817 23071 94633 97963 91730 19295 5280 7589 16102 83202 19491 62556 49761 5487 78192 6112 90722 94278 45774 33988 21047 42530 8262 58148 21200 47138 29213 59896 51200 66033 58250 93102 69664 22326 51812 18402 68897 49959 41670 29552 97915 78346 61805 42085 27010 76858 15127 92464 34859 54757 40798 43542 7394 99730 93733 18103 93884 49710 35829 29674 52135 19314 98002 48102 77094 81478 84598 10632 93005 72655 65885 89714 22653 91819 99120 71491 4390 49977 47293 52556 25093 59541 82332 50692 69546 35794 24782 52294 29555 41023 33023 96114 7660 74386 21591 93497 51613 73323 44426 1173 17582 10618 34603 53516 67143 22383 63934 84340 43946 86374 7783 70570 56110 43105 78256 12710 32731 79989 61314 79609 65604 60379 86079 54500 63838 68114 11093 99262 45957 48052 13197 95724 54651 79330 49738 88385 62279 16874 72047 85318 92018 50612 19653 7099 97284 46336 83339 20307 75190 98678 31976 15637 43996 37313 56337 25433 40012 14841 79254 21149 86267 40259 9232 78466 81629 89534 49790 76505 38675 23160 44291 43730 57427 82588 27623 97970 31795 81075 93880 42317 9642 12978 4064 39353 64212 34939 78980 47264 41360 14568 3206 24588 88285 4649 66554 55458 15486 78235 94575 42827 48946 96271 68028 60127 43782 15909 67175 18032 24264 61930 28960 59243 11866 6320 30683 30736 32097 43568 42334 24285 85982 68875 60483 91189 22435 78766 31165 77300 30754 85714 30833 86981 96183 38627 73326 54102 16395 50374 26735 18690 52329 64230 7419 70877 79303 85670 7909 12502 66795 88262 66832 22002 77280 33484 36870 79516 38245 17540 3536 35611 27861 90753 6836 18776 63895 25560 47617 90838 35348 1530 24044 10897 11096 59334 29740 74915 3038 98071 5559 97359 71384 28607 62855 51867 58575 35266 40856 82912 68677 96826 13775 89500 94493 36481 33410 24950 78878 28856 96406 75447 91596 73289 63213 5406 79048 17274 63570 13625 9475 11458 42728 90443 47231 59154 91455 63681 69652 49282 11044 80969 93215 66986 8764 57312 89378 65544 72626 77279 35218 86129 79363 72404 86274 68211 69642 64048 75293 54793 69729 83390 12584 49219 51240 69923 73745 19013 20722 7868 33139 81083 36708 
693 360 
60467 30684 41089 81102 94340 53365 12266 12319 48289 30795 67337 43615 17224 52832 56918 91042 55176 60175 80884 65521 30820 5360 11211 34691 23668 83731 33369 66512 52773 70560 86853 82467 82260 76155 66330 14043 98906 57020 75524 85915 58633 2504 61414 53292 60327 87503 62239 5787 61447 71761 6590 1205 89511 74155 58080 15965 96462 20824 55327 58046 11274 67235 9009 37676 66064 8238 99576 68154 49212 85744 14917 20757 20583 10722 38194 89362 9606 74536 27815 65292 72048 2796 13155 34439 56867 60682 23252 49179 85163 50796 47203 36625 93992 76111 20687 70382 69297 4160 42924 41444 63838 77227 6518 76471 82690 85916 24881 30026 45681 96339 84453 48721 8933 86304 59543 2650 83832 50769 26980 94565 39707 21390 21018 71666 75338 36720 41753 93993 97042 55158 19985 1246 43868 93094 90534 14183 45726 5134 21524 51919 78558 94630 67797 72883 90395 76591 37323 15291 2895 66184 94293 86937 2619 41732 73751 77930 52931 95614 84807 63010 91232 72987 4095 84380 41211 41661 88479 72888 77546 72433 15082 74403 20907 83826 93822 22224 81012 22073 97329 95671 89166 39065 88038 69566 50351 12187 16791 96004 24454 39419 45914 33305 22021 69646 9794 24595 7741 78385 47074 87679 26042 4627 35326 71702 71703 82295 30803 63193 21749 91391 28502 72546 62891 91509 52336 15970 36752 89795 10684 92531 89259 88959 64113 3103 21965 1547 99984 17982 22705 86879 30376 34799 19076 3 92064 81746 63543 64537 35033 56789 73636 59026 4787 10318 2962 91756 99001 2017 18669 96365 2945 25173 67840 49392 72961 36504 85955 43430 4943 40387 60186 15588 88868 98654 1602 29280 83094 69547 77815 2482 16018 29124 52255 56250 84446 19289 89680 50899 45873 39916 24911 87953 78467 90598 79860 37545 57813 17600 57948 14217 72858 72881 58416 71757 72509 75027 95531 54779 23537 62231 67027 448 94205 55901 19577 14023 14419 20482 52409 78753 7428 25852 3426 12018 70525 30474 51237 34453 8736 23528 38934 45538 22712 52950 60953 91752 54087 86424 55840 65941 41451 26917 20791 46750 83596 32545 50122 98717 98088 28242 76728 5604 9647 84646 81962 76331 49138 75126 86130 41106 2341 31288 96713 48924 29034 77294 8475 69485 55975 89817 
933 358 
30684 7703 15611 97701 44949 98420 59202 83803 34648 88981 29457 98281 82372 16635 92206 2984 5487 86813 41810 36889 53273 49379 2354 79214 17583 2628 13576 78548 30055 43863 50475 57856 78177 85142 58133 86809 68963 69760 64106 35998 84526 74897 507 37164 44825 45635 24690 35232 49826 74485 1969 16535 14534 13256 89451 25680 88695 81264 55710 71009 16591 79580 25751 68154 53370 79080 36627 56016 44147 20782 96260 77366 21350 23168 89440 33384 28523 87422 17404 30867 13102 91140 51416 9421 52718 27609 76326 80170 61593 61226 5972 21280 31650 43114 54531 82245 95916 9227 34133 65199 86524 66581 80008 3626 64533 99686 29729 97523 96250 59870 58978 298 18531 21803 44776 50247 37159 21412 4148 51917 41394 96248 88258 85413 1732 46392 8349 19972 12995 90185 19965 59706 31426 43459 46561 69144 62003 32659 94490 70134 3864 18915 7503 79065 35983 12904 37009 4437 14189 21390 47240 82377 51900 60954 40650 11514 40259 18035 71054 38909 26087 17923 71809 62704 716 23442 44128 95062 10773 51230 33394 38157 42892 42997 27446 81931 14278 22917 71951 41860 47264 69826 59522 69291 63268 81644 66377 62335 3859 86705 80819 60479 70297 29428 74613 43263 58649 47037 23062 81412 38217 75046 11253 85145 88742 39671 90905 55767 47442 61394 52910 23899 83280 56874 43099 42701 14111 73403 61184 77070 17481 57163 3628 57426 40075 66284 32328 73963 21465 81745 10962 67669 85461 37524 16230 69917 75611 58977 98467 5241 17700 88114 78162 47480 93338 37830 60024 24419 67647 64041 33376 98220 29057 86547 68389 36149 26855 24513 80 96541 27263 44763 56974 92815 48139 11558 21898 96214 74810 28307 74970 70816 29920 8546 10840 13465 67808 67864 51828 69805 3188 65324 79964 53231 19152 3575 70456 99308 73541 16550 93673 22656 47999 68117 58976 56544 86910 4647 8154 70352 95459 51332 46271 88560 91529 24353 53680 85813 12231 55303 3766 4327 53841 30852 53501 80295 63433 942 5130 32178 30781 27167 70292 11178 93215 38810 19971 41884 75141 29486 82977 81056 18786 32727 60008 63199 60559 88867 60889 12037 39520 39170 83715 82716 22811 62058 2523 46918 76378 84557 24888 3792 38595 89631 53703 49227 31911 31664 
388 356 
3461 31811 44768 69491 65226 49918 82331 54576 59710 7426 99583 49319 94279 97674 52557 66574 97694 10357 63183 55977 42703 99901 95677 27465 27547 62365 76667 36822 30457 27445 48527 49290 85201 13316 29478 51399 45592 79298 51364 64677 49504 47226 93525 20092 58766 18975 29056 48393 7493 71832 15590 35881 12451 20635 71887 74869 17276 86294 65863 31107 23913 54998 81396 23608 48850 61910 26517 22598 30475 18280 82837 2761 21060 59210 70056 69939 6821 67971 75326 81465 60317 35610 82282 73715 68297 85862 4489 13506 98907 70548 95186 11725 58501 23410 64354 66240 15126 41931 32186 14841 16173 44168 40259 17008 1412 52436 41842 56439 8681 57931 99630 13268 31535 68315 53529 40030 89840 92595 49704 64794 1541 22214 94254 625 5727 7323 18135 29655 91344 58979 67259 37529 266 52882 94816 22121 59080 27340 38755 45795 45914 84480 50388 45604 44144 62524 69778 40993 93338 92285 16193 48317 1606 30423 23689 98284 22204 19404 76569 74327 62886 79939 29107 28575 85210 48415 63664 86879 52000 2308 69348 66801 93179 92035 72359 61861 47393 98074 95867 50449 83806 61736 89044 20080 9096 54665 63378 8844 83403 77971 54966 19113 82355 17807 13000 22271 49999 81831 93929 48976 60076 99552 19050 23536 84045 24199 83233 91141 2986 51781 9414 19673 42326 11178 15906 73503 88796 52796 11047 3410 94086 10139 83683 28112 37436 80919 44257 68246 74993 5246 41425 85815 77055 74723 14480 92972 13701 21680 51548 22177 19276 92077 34467 86307 28276 13239 37520 87197 68977 92217 20848 21869 199 14240 88705 83751 82515 37198 78833 86579 64322 2252 8735 59354 8994 98553 51378 84238 5105 33752 17742 68795 77198 60309 35032 60581 82308 94640 23175 37590 27497 22897 61789 66687 41390 86404 32190 56631 41746 52571 29604 36049 67138 22496 92580 10223 44189 65834 66395 64233 30825 70849 36707 17242 58129 89509 72773 30843 44619 16788 43308 19023 64044 46633 18555 72015 35890 52680 1617 45640 44336 33373 51383 76479 42060 15469 41164 8851 68493 19960 31010 38331 7168 75232 30261 41018 20662 80724 83191 1170 38341 5370 53123 83641 579 87834 51126 99263 40742 93738 59071 33375 50453 75803 58576 67247 
82 354 
94427 74817 98639 9965 35839 43543 92751 57275 70156 20668 1848 73030 86280 88665 76430 31520 53781 57333 76268 59437 91410 3189 24571 82204 73714 6420 43642 63804 32539 70907 1458 67820 50222 77083 81450 62171 36917 55938 89648 23378 84857 34537 81552 21998 39969 13367 91355 74244 78104 18699 1282 33418 7123 70707 85113 31292 10262 84319 33823 53094 19761 84501 62979 88255 54485 74592 14165 11370 29433 11496 83871 31834 58566 45634 11064 79053 9080 57226 90216 27270 69297 57780 91552 55803 65730 22409 71738 77399 82392 59459 15908 45284 87737 59643 93366 39591 86971 14854 97380 45565 8159 33262 43685 17160 73346 6773 71343 31055 37464 71111 87438 38835 63801 76343 10802 11287 87595 53693 38877 85604 91349 83151 7062 51603 13241 21316 42615 38401 9642 7745 87146 41626 61079 80749 97857 32711 94922 71516 32256 41916 63230 2363 83224 42102 77823 32000 5634 13668 37020 63764 56612 51149 1755 90857 9480 8556 56149 10486 42097 36712 87698 27365 8716 87030 1694 76540 55436 35704 48819 90555 11552 28888 96783 67293 19244 78162 28038 18759 23527 42883 83672 14186 37650 94592 70782 3103 58645 26100 20649 7603 78772 4811 33982 3098 15931 73887 48093 39365 23354 2136 31458 43688 36427 73144 89359 27774 90032 30121 38241 31909 49339 8114 94666 34115 84837 46226 48054 85053 75359 70264 28436 28549 31098 10902 89498 99517 46996 28579 269 85590 2607 46589 46125 53147 72312 45126 56273 44155 68990 34938 63871 66429 69359 64504 3508 41792 27492 50504 24855 2514 14908 93706 13424 45003 44931 60864 31895 97236 86124 44011 836 10548 30407 85599 43544 95887 26947 49814 71420 41692 40816 36435 91375 93071 15318 28609 13523 62508 70739 9238 68773 48256 98252 90210 32501 1037 49837 61592 61591 62996 81424 88847 32118 40032 11321 29917 70727 73204 85070 14835 29438 79158 88018 82599 90787 87527 90162 20844 16933 52122 91118 62994 62070 51045 45336 25592 23375 94165 35032 3163 59153 28335 23793 60523 90344 92737 79320 50031 89131 50033 76170 94805 8073 280 39593 66762 37654 18621 99715 78828 93949 3857 51180 39261 93722 54537 72773 79367 21283 9879 75095 83570 96280 17097 
589 352 
99351 73050 88561 24998 27971 80723 35334 26726 59396 26432 49481 32802 19296 24202 80118 1387 54540 15850 91453 44684 56815 88748 97254 95370 29578 85610 26858 37701 1713 69083 39478 41329 51581 18103 24555 25797 27235 89727 86664 23896 26708 22259 5394 28380 7514 10096 33557 76965 56682 33335 23168 98320 55646 78182 34843 39026 44497 25650 15494 21280 10155 19602 66118 81904 11319 33851 84340 40989 17210 68290 95602 80544 46283 38491 20960 42150 80367 91183 6892 25761 51955 64925 16872 51561 87732 64602 99804 64380 80585 31707 73655 11910 29561 6292 26814 23286 57674 57611 1338 74655 14108 86609 53690 8825 88292 89270 8346 74794 69134 33453 86215 74895 69332 27504 39151 36834 84320 74384 74038 90273 12187 47544 64698 18283 58812 8568 63813 20362 13529 19501 80923 68456 27896 46678 87414 10561 31254 70814 48958 19512 34555 50838 2178 38593 29856 58847 94334 66436 11558 63491 50217 23354 4200 9004 56431 71584 41416 34344 62736 15795 88652 35471 2697 22426 97120 52883 93577 53031 30777 46694 8441 4358 69490 93034 4745 56973 70761 53303 15197 8365 86756 85332 41428 65844 91130 89288 10643 57667 94360 37076 16394 29101 14602 3372 92377 70208 77942 60728 5096 63004 64304 99599 89920 69578 95374 1309 53823 32912 18364 39716 31850 49895 43914 87774 96546 61183 55101 77698 6004 90200 19097 88805 55435 96078 95646 82038 45364 78587 578 62343 14270 82720 80172 31228 90936 30349 31851 71441 54166 45027 124 6538 16197 70766 94027 28066 33711 63980 37946 90844 4755 65843 33165 4491 94263 12075 45791 79353 96010 57632 7638 34119 6216 16526 65908 38587 4515 15596 19258 20150 77767 59462 91864 30282 72057 73530 74449 73850 1618 89974 89791 50397 872 2701 54453 89292 15254 80916 88994 85554 64590 24836 98009 89393 99435 6872 74098 42854 57454 85081 48928 55928 88932 9934 48376 49224 36469 6743 57366 13271 87931 70614 73123 17184 59406 69280 89384 25273 53797 37967 98729 10290 64899 31946 83216 42491 75753 70277 6434 79763 94841 87817 94150 58651 40739 70215 44630 5228 69796 4468 569 56958 52930 57590 32345 22986 39710 19219 28109 97372 96648 15726 
284 338 
44325 32108 9712 54892 592 38866 50385 28920 27024 67585 58208 15493 92924 18556 26317 96165 14036 54480 12677 28051 45298 41274 66120 42988 95405 67930 6444 21967 95842 13925 6279 63448 10246 51029 93085 53628 68963 69541 74854 17526 95515 67713 68857 96527 20242 80805 89002 84547 57404 62221 70380 60625 52577 56522 27248 73709 4179 38402 99738 8037 16359 20239 86505 7671 62225 48715 17933 29536 35109 71552 44936 99038 51801 11687 96584 29323 39306 82086 2989 78728 33691 54769 18248 57178 63982 70478 98035 12371 41757 56605 29414 75142 6583 79415 61412 10111 1208 49184 34571 17974 95041 99307 89660 22717 72250 252 81293 69429 33811 71879 29595 94621 50505 19470 53310 17879 71454 72491 30756 49601 80011 17998 8297 69605 34238 27969 47722 46768 82095 50551 77163 67177 48892 85288 93991 45116 53371 87349 51220 54541 27309 24744 86353 77688 37892 14621 56324 19308 94890 2532 84597 72592 84660 79357 37156 53490 85583 32940 15599 82486 47935 11273 3004 16596 2119 40543 60181 69238 34342 33360 38492 95510 80721 78644 98748 67975 37630 16466 79689 33141 90303 38895 14342 88947 48569 26365 48651 74495 92448 63478 47667 68417 95186 77071 78299 29969 61848 68061 46117 41039 76961 42137 20452 79114 48936 83958 36391 23193 5987 2361 33853 34541 51325 82415 73633 62794 67324 55460 36828 14107 47985 50409 80248 99675 53209 13263 82789 68395 72688 658 4593 67654 28986 90241 95944 3761 13065 47326 82168 49854 98097 75686 4264 57089 67608 82796 14140 37645 33299 26226 99567 9634 52030 56575 88825 47184 87959 98668 2518 94362 41254 74376 38336 62559 87353 95252 60956 50775 98947 67178 34377 98928 50209 12219 36292 60337 56284 9596 75598 12277 49209 14791 80421 65629 45583 13400 42165 82757 9835 86897 94276 84736 60457 76207 92643 96192 30625 12765 11399 44571 94474 85774 28344 86547 88579 39397 27768 4242 36758 96829 82741 94834 42228 87267 66436 87024 55083 26876 39215 60560 76230 29768 90731 86494 92639 92880 62781 88368 398 95867 79745 13544 55805 49979 66365 36054 89978 51939 
341 126 
2310 19692 66431 29000 68165 4105 24792 43070 44119 89563 7337 20347 58013 56784 61447 12091 14836 35543 49397 91236 84457 78504 6067 19750 25010 7692 49126 22436 12710 85489 61071 22584 67848 86710 14780 30553 1748 53654 22573 46889 95907 75772 51085 74611 5364 60032 7179 92431 12380 90078 38255 71308 48060 72513 16991 98711 44657 63895 48722 28734 75715 28840 45193 51588 5833 87751 43371 21654 94158 10858 68469 5531 7386 3639 19563 17687 74441 86685 21145 61612 43382 31210 51393 37193 65594 34033 3737 23600 73279 67863 36129 23903 43737 20099 48171 78848 21734 23306 79023 8588 63250 99303 84051 84171 27539 21177 84023 25253 37249 47458 26655 78635 92745 80379 14633 9595 29940 44689 40966 53996 96614 45129 41301 65482 14686 28003 
239 324 
30252 57923 3951 43262 79863 82491 88647 40411 21627 96466 76112 48182 42799 6264 41139 76430 21047 46467 8124 31396 76644 78678 6464 57054 9685 86552 70364 91208 37172 56928 26496 14456 43596 7394 29894 87045 73042 38861 46802 10023 43157 81970 49254 6823 60441 79250 67377 35017 96953 81474 18388 72141 76069 28385 22763 12590 14201 57434 9652 9627 13846 38444 85799 81318 73694 40647 37257 8028 68276 39039 73207 85662 77119 12093 78925 77927 9601 49126 45890 83808 91552 29027 33161 57779 79784 62824 3222 29744 52646 66302 46684 93952 11677 59182 70958 73555 18128 54547 75755 23884 12743 93691 591 25172 49665 90364 34100 58375 90975 31616 43821 88523 94806 70724 22756 84683 12800 65444 42997 7852 22541 72609 3859 60867 44297 98334 22891 97102 18666 12848 41254 72013 54424 62208 2109 55377 51753 41298 93655 91634 3861 98761 43091 21086 6799 46359 12770 18570 20816 48352 90762 66547 13183 29574 5174 48847 11904 58071 58935 6923 38513 24420 78152 6327 95210 71437 38758 19509 62317 31131 30844 41506 25214 34172 94482 72894 14685 65602 31760 66514 77052 87639 61950 82804 17823 6105 10362 74112 81259 63522 30449 7561 24872 83600 93544 34910 35995 41675 10392 58240 23740 86977 75930 84383 53398 18522 2190 16148 74609 59323 97737 70647 31319 99063 26506 27605 77921 73382 48639 49799 47234 99166 71302 46835 990 9242 33235 95309 77801 72881 8422 29516 52620 8805 74790 52376 35576 92048 27301 56132 29312 56849 81889 50552 53261 14480 82369 38807 64883 27405 78165 70739 93125 86732 88369 2433 11467 90021 33832 49350 83758 69617 7345 49016 10999 57055 68176 70840 44210 90628 6336 8824 86848 94864 50820 76272 33379 37193 55104 61176 95246 14513 8760 65588 86773 31956 16928 22110 85675 66687 2169 11171 59162 71167 72120 67475 89972 82816 95869 16094 5954 93717 23995 14815 39949 36765 18590 91877 92632 60608 31322 69819 67972 70358 78357 738 39823 57011 63400 64146 33502 27939 8305 69601 
865 314 
9900 36263 10633 46326 6753 4923 34925 72680 26686 57526 23387 10177 7210 63613 2233 91612 77576 5266 27800 70596 17685 47824 78661 43422 92735 97845 72348 35999 85755 4270 3123 89839 95358 96752 61374 67620 41362 99422 78313 7764 49135 54782 43596 58949 66208 75026 53150 5858 44641 78140 25846 11003 21719 46839 67934 70551 7571 67327 9661 93819 51861 96793 42914 20182 46040 27361 76394 64857 69537 93815 34957 70769 39037 8984 26378 82887 45116 19177 98783 74398 75553 27637 61715 74573 17041 97547 13386 93294 7073 132 13416 24526 91122 56751 27472 29247 97413 36253 19904 80742 50073 7722 96005 76606 1936 37831 3684 86482 25313 30912 93799 74110 48618 93581 4477 36658 68093 29548 63626 37410 57611 32215 23930 62091 16079 50300 93930 68256 10270 22524 40015 7401 39165 23545 94431 71948 50160 98668 84478 39033 51753 93655 63160 91940 25745 53534 46564 64612 84958 92311 29276 27614 41411 42700 38767 58433 88134 23953 16370 18658 3739 92327 85753 77549 51949 46678 14730 77445 17446 60916 17938 12567 56002 86879 87823 30376 8194 91703 410 90228 47666 57627 87468 3259 90440 23173 79230 12289 45776 55005 55764 44050 75970 16262 29529 19772 47830 3271 68077 80624 28579 2261 99580 72326 44871 6749 64464 29124 95324 38470 34485 42245 56571 67838 26256 10491 46029 65558 96412 35897 34356 5515 31129 44073 47741 19768 79363 51303 20619 9791 62255 20609 866 18072 52483 95282 46351 30930 13341 91132 2885 24065 67551 7146 68773 31276 23497 4666 64636 34886 63337 50201 51754 33843 71980 83103 63470 28585 2633 28043 16177 45153 89893 22979 94689 97648 23423 81220 19006 36098 35920 36290 52881 68472 31150 50974 89829 44378 47957 51173 77559 67889 20114 73032 5042 73762 91347 72179 9748 20851 16673 12428 75762 50556 70637 48479 21214 66255 72818 37870 89001 15843 63369 63235 33502 73799 5691 81988 87141 5799 70754 68730 1911 54748 
100 312 
48005 32338 65341 22726 17367 85770 92602 39290 12525 76271 23968 91112 65616 94985 93333 26199 98776 45313 17224 19783 19491 40500 89200 45945 22438 98180 54986 8738 1029 79208 15755 82351 48031 85833 92735 65627 81291 50500 51855 38555 27299 45335 85494 77108 50895 2883 7337 42494 28978 76671 5145 42016 56467 84373 65713 51205 43785 78832 57020 86921 94750 34569 94818 59229 58633 12696 40063 91896 55356 70206 51647 28695 23233 62821 85668 74485 10910 20039 75220 7718 71818 39013 95004 12540 42659 66810 29473 57975 82155 23392 65040 94068 84825 84569 98105 40263 34812 13193 103 86329 47910 62572 27164 40848 4568 78723 35137 1208 92447 94040 93837 43814 8471 35978 26756 80735 47069 5860 74605 10232 24477 40552 84662 53082 84595 35065 61167 13855 61446 41086 42078 5116 58610 29827 32219 75033 80831 47515 96655 7434 7244 71944 96413 81605 37307 73763 17331 12738 28963 23198 10713 22409 41660 68471 11831 61228 62824 61948 73941 46282 52835 88258 82457 5357 67652 65524 54295 57270 23604 73324 73561 13639 91673 53175 37490 91505 75399 88600 32918 8576 23345 93691 23440 15655 48640 38083 22209 25566 90672 55916 83832 92940 7266 18704 71038 51900 46485 44915 93993 57776 13722 22976 60274 36099 42463 86267 90563 84515 30691 2954 12513 57597 30571 27188 39195 3451 79761 41992 31166 53247 27446 96571 37323 65792 4264 7484 13295 46269 34004 55638 17435 28119 88292 89477 94137 20151 51614 10027 74055 35943 83261 63282 8228 24478 48469 98703 28191 76663 88825 34426 72807 85635 90890 83927 75850 57852 18666 84380 32622 22502 278 97139 57373 37389 1832 31109 54609 92365 14388 39753 41486 70223 81262 16160 41889 92186 28643 92884 72219 73252 20291 14401 65306 18722 88601 61960 31997 82992 51523 25082 44158 50484 92989 54629 70116 13743 52812 13826 88134 45090 43869 5242 33736 3795 48440 65384 3668 34343 76014 18066 48540 4186 
639 308 
28779 69203 99960 86254 90514 58065 45638 96375 78709 81524 30264 56747 623 5688 94692 11039 19503 14774 70178 91466 16572 4396 28756 89702 99244 10289 43615 84684 59326 85751 59319 64742 4120 65303 11164 96254 33656 51534 43892 45802 80932 53212 5011 52194 80187 77328 78601 29471 22478 56610 81581 6931 43021 31879 50607 92505 83395 4212 50274 40135 36132 47031 46480 99589 23047 92307 58068 99724 59389 63848 9427 42884 59617 80495 49710 58858 37927 98085 66012 10590 15632 48366 41045 74471 92596 19424 90141 34370 50693 60513 60270 63925 54810 7184 21996 55463 97827 66150 8899 89626 47771 9651 24940 9723 27191 82192 21443 53595 32778 60075 28164 66548 58712 93040 90041 10718 96019 23045 89866 61446 58465 25958 78263 73705 80831 30251 97890 41636 64385 97712 88517 53369 810 48194 20475 27921 19964 65604 58947 17616 83590 81243 18023 14459 76277 57234 59900 82486 52143 8099 46525 60280 23525 50306 87671 40126 36622 3106 40247 38074 57711 44279 41512 30414 64294 92904 20421 68384 88322 60715 60954 38718 93636 78919 70173 4434 7228 88523 31391 96619 69451 78620 75656 85786 73294 47568 26171 15273 36219 7536 88806 20993 99907 9203 63695 65543 24627 94277 75751 86932 55264 44511 5786 70225 96281 43263 3940 90609 94095 47745 54424 20479 99081 6041 9298 50450 91634 61778 96850 96562 65710 7425 50902 22810 18939 79474 4466 14176 3204 46065 92362 80235 97603 93918 98468 65629 86723 51962 82500 61143 99986 36710 30363 51841 54992 64762 22971 92295 73687 80909 58281 66633 73989 28305 62581 84071 34757 9114 57405 19936 8983 69552 39207 95831 23853 53436 91124 26838 50189 33708 73412 39617 43353 9277 31406 80522 92296 89432 41109 11081 55223 28530 63238 22039 30555 8969 80551 76844 88744 13497 35611 10837 90038 94078 65493 66365 35245 73528 64272 91850 11477 45730 55760 38502 79543 11052 63378 76946 
517 302 
79903 21064 16119 98639 44768 1134 13378 13249 43262 65226 30359 14221 63062 17765 89654 36743 31615 84686 15493 17361 10592 61240 28490 12212 86082 17726 46864 65198 8738 77845 87529 5506 21292 80654 39722 58693 52724 25926 39820 22693 52773 9407 37956 8629 51871 90381 54801 27010 21468 99898 52195 63774 1112 62069 9061 35262 40657 75571 75170 54590 70190 84135 74664 76363 7576 58534 16683 60397 77416 9614 60605 49472 64115 30505 33275 56919 57672 13730 98293 29414 39759 29307 79986 13291 93837 76208 84731 11140 16633 63707 7737 54562 62664 42269 25319 7508 86763 94021 47182 72703 96179 23933 32806 39161 17930 89252 2850 41240 87118 81391 95768 91843 93941 31182 70922 71446 79609 37873 46988 98606 27470 43246 96671 82262 9895 55846 6633 21928 9097 2705 34732 90615 47697 20936 39707 44867 76369 92614 97847 63198 40012 69962 60839 10470 34283 8133 27322 76031 97798 29108 21666 86563 13812 72499 78692 22612 48262 67654 93385 24935 89577 970 86156 9541 83523 93359 38787 39411 35008 5812 1963 13067 2359 45691 43796 10394 23240 94309 21950 20187 82782 96239 20577 12607 27397 77007 50092 3940 95308 35518 11155 44699 1654 59091 18338 1004 31813 51484 64319 44596 64502 95813 72540 71051 30001 48501 202 57053 55312 69566 60227 93538 55769 97220 26635 28817 79938 18253 2417 5849 87087 77025 16133 13183 58185 64737 29399 77223 93730 25972 44758 34647 58361 60322 80251 13492 53339 12432 61334 52240 36643 9464 19489 10406 30724 64081 44471 78240 98799 96952 92531 40246 26100 42658 99782 82199 89733 85301 73097 11819 6278 60515 14894 56523 99609 63491 81976 4778 70334 7973 45362 40090 64868 88381 67857 33724 30810 95356 33944 40165 60128 28755 72296 71607 37470 56338 40317 56088 49327 49250 70456 26595 17359 32157 40856 53402 36481 72790 94884 82378 32081 55102 
927 296 
79777 93871 65599 43855 25471 92830 86276 54977 6197 6951 94338 73971 36811 67656 48319 46747 74348 94007 43686 80067 63072 19455 90601 97703 75561 69371 66225 10923 78267 88360 50173 57210 19614 29339 75323 44684 17154 47639 40089 88860 59888 71180 14805 83842 8845 27615 48808 24223 64045 50330 93225 14112 93110 39978 96156 92118 99777 82989 91972 4529 7718 24110 79203 57993 87815 30318 44072 77313 21025 50386 11617 4052 64572 25025 97207 44395 6416 44195 46045 48284 2665 24636 95672 53176 86630 46277 19536 12451 82023 46853 28613 58667 81293 96215 10834 42531 17745 74536 28818 60090 26138 96142 58506 94570 61593 82152 49782 69799 19595 80283 43436 25006 8598 80839 10214 87835 20489 54338 14928 68423 88087 2072 43867 91767 11590 30026 45114 17421 98234 59147 59316 59024 48155 14231 24891 87057 21926 51510 18919 36790 44109 83832 60571 59579 78703 49060 15721 17897 33555 73014 41742 55757 17631 93993 43284 53455 40670 92339 2015 27698 22943 55724 43778 81151 49891 16320 61810 28956 88658 60064 66939 22995 8231 56966 27047 8921 34625 77391 94856 79283 71131 41626 70394 21175 58992 31506 54893 46442 10027 50711 32856 58513 20036 16397 55744 77042 55894 14813 8346 67967 64276 15184 39773 50888 69740 27220 19658 43782 31220 78056 37658 95988 21433 41818 76750 37821 96738 26321 49492 86140 72487 10573 18416 22972 20873 21091 56335 62621 37214 58071 95212 58935 6735 70087 28462 98339 9864 91945 85210 42101 29469 19962 24912 97514 47051 91703 84441 72894 74810 87332 99103 82839 79445 70231 59026 45272 41313 32211 64209 56663 83481 86688 99691 75794 67368 36007 79030 7333 41048 88810 18864 13101 69258 12068 6637 61642 31212 72180 54126 6808 41398 24097 3978 47116 76218 95123 45110 50249 18084 6749 83855 97578 18265 66673 41292 49006 
952 294 
45257 67080 60467 20834 99864 52540 20324 31021 55663 65232 80613 16087 85057 94985 40724 4021 92713 24656 51486 51565 38372 2426 77542 38562 8022 35942 96224 58148 54772 77252 93085 57751 96444 29812 95583 75847 85197 52577 49870 59229 70126 79847 11990 4916 23548 15871 57635 2974 74158 17244 72024 87169 29513 76306 44641 65031 56447 50821 89078 79400 46856 45731 37101 83249 96728 29056 35586 84598 39418 31347 84608 86386 61200 5089 89206 3370 28104 31870 21813 88643 4142 42504 8553 62294 96215 89017 57540 52344 25058 88474 61895 60351 20130 94055 37697 42667 57978 90400 8083 65081 95841 45009 59853 80570 91798 28500 96862 24744 78509 75311 2537 62322 77227 91371 22290 63693 81648 93996 88410 90665 51733 8813 83721 15868 54534 66566 77128 66586 91763 61829 32704 43685 91967 49338 57063 90656 40238 50143 11160 6613 17720 90556 19450 67051 76307 85800 89395 48886 56843 13321 79524 40259 91975 16189 41993 96237 38772 32261 1080 51524 30534 32577 14086 12847 4971 45572 79155 77695 74563 41632 14820 22369 75696 24740 12629 64401 90223 63602 15463 96239 45002 96620 3946 11072 60811 63790 11795 277 62232 12486 32359 85189 95132 67449 52169 95494 89248 67950 75659 50444 1755 96269 69699 73403 14329 81159 99076 95026 10538 64107 74191 19488 44158 10076 62862 42133 56269 49304 85182 25154 85598 1391 73980 84262 61334 25326 44218 52316 30423 89401 79639 16765 22968 62891 99337 88959 23701 12476 15968 63886 33484 74826 94322 75186 94100 29261 40568 83225 48552 87440 55887 75483 41760 20982 8046 92758 89978 45799 75305 86764 67340 20313 22175 7527 82518 60330 7159 33245 69029 41936 82483 18883 83086 71507 7727 44669 49361 98517 73810 33442 87840 12384 32234 70795 5605 91166 90506 63654 62345 4818 18224 98576 60969 1700 
505 284 
48005 15780 81102 67832 90938 33501 52540 33121 55833 93382 75368 76271 45980 21682 70490 2670 22316 89117 77585 92781 41111 65567 96082 16216 69677 67152 36948 56688 19729 50646 50173 72379 53314 53812 2492 4714 52681 75454 84615 40984 96667 52401 54536 6393 16186 81780 35319 49401 26811 70259 17419 14783 88462 70126 41653 21844 70631 74237 45983 99585 73062 87945 2614 8967 99187 50215 36444 12304 86060 2330 69115 18698 3053 45474 1320 5453 26931 96768 9424 79580 44599 52994 8942 7328 55690 38594 29056 54950 86754 13730 86153 53924 47714 96136 85490 65634 76069 92492 13289 34221 59715 93575 53550 24273 58079 79634 24906 41807 34455 89115 13200 2815 54052 65386 57084 4402 9360 34293 66193 87355 42506 38522 87951 62827 85797 74044 56167 44419 90486 87092 85163 84718 16519 85581 72292 21141 84657 57088 64353 96515 59600 78065 24129 16439 94416 57342 77612 97070 46615 2849 63642 58333 58700 62607 5342 18432 80160 92619 92971 95955 84523 55029 90884 54173 22750 93535 45565 94565 14189 47240 38978 67835 50934 23730 95361 40304 20211 17412 99013 65752 56903 35850 41753 72435 67712 81285 76879 44943 30122 39871 42463 92226 26929 74945 716 4440 84768 27698 83745 86315 64617 33402 36015 63285 99630 31321 6497 43140 41208 34446 23432 21808 35265 3365 10614 14086 51431 79578 30768 79155 83523 23058 13340 57966 61527 47264 13912 65087 24627 64197 82478 15454 3946 57279 8346 3373 61147 7139 41275 51940 38087 81748 75233 31575 30797 80085 74392 42906 22891 99987 60032 88742 58088 95416 75566 33890 38211 65981 62086 70165 95103 52387 48918 89521 76248 56694 47640 31275 30450 33626 10573 24868 68388 94036 48338 74414 58433 11125 93918 64339 77300 49364 36232 61532 
621 280 
35347 69942 42834 552 29464 59137 87891 14945 62728 10314 11658 74365 44369 79550 97675 17798 92844 36955 86758 32502 10207 44180 45335 69760 96434 37806 11912 80176 3581 49643 73458 94963 11388 30679 59357 40162 68180 36951 13329 18544 77959 88607 57616 70206 34237 19178 72711 20176 14534 70746 27406 83292 97574 28150 64389 17618 49015 4060 17256 29006 16916 98002 7371 15760 27046 64115 62894 47216 7938 75472 81850 19974 62258 7987 5414 2972 7123 63799 15370 71238 24408 77713 34427 80153 35648 9316 89626 27815 76301 48620 417 77145 69799 76429 38522 76214 16875 1424 56215 30146 74671 64343 84362 10092 22383 93230 5465 46257 68237 39908 78830 46399 62913 61194 25049 36702 82408 11054 78274 58109 29744 48132 36942 85619 72450 33052 76514 26008 33030 64817 64773 66600 44063 70858 58237 92233 26653 75190 79936 79689 45311 4489 23846 70063 3598 20214 356 31672 78811 52696 88941 89625 54942 22673 5609 57757 79753 32792 61496 45606 84410 70716 40397 64587 29210 48987 63817 27742 40553 79472 13504 38856 21643 107 91792 82073 40030 81339 75015 82591 12629 33604 33299 9474 55352 38259 44357 60998 33810 88407 50650 22614 14654 71 19897 53719 84516 79877 79152 21674 66902 19324 1463 54224 62823 84463 2640 24090 41537 5693 23363 76079 40803 74115 90642 54915 76567 95464 81540 1990 50873 35720 37219 59884 862 77859 90278 25407 74665 54526 74185 92011 13387 69902 45138 23527 3668 98532 73625 7510 60133 91489 81117 5661 69909 56619 25115 14245 30564 70526 28632 54654 15784 93259 16312 55247 58673 55660 64950 69235 55704 50089 133 23883 3644 41142 70867 64846 91136 84240 29400 72295 14872 88303 20605 14060 96589 88652 41261 81894 
83 263 
74501 89298 2400 26329 25792 9494 12769 54792 67278 45670 92882 6393 97717 88351 61335 45505 69464 96627 33246 39382 47685 805 36627 67581 84034 67453 99314 64732 48331 62223 62636 88382 16537 76390 69763 25287 84282 83648 37911 12628 60087 20955 60967 24560 75344 82690 32053 86787 10156 59253 37313 84871 38221 68093 98169 7446 71796 12745 9076 75321 78090 36343 36474 41951 95619 98060 28970 96975 5080 58478 68474 24774 7532 47166 46938 86344 12064 52460 80500 26697 24454 44158 33632 84613 41771 4039 16782 58935 7253 35564 86547 25702 13672 97142 43677 61238 47905 16985 66514 33505 5771 80980 50035 60053 57291 74112 35862 37919 95793 61837 56606 81727 72151 25830 14474 3366 39440 28510 16639 47953 54807 54149 34914 6779 24393 93362 74393 60341 96803 19971 26698 65309 5180 8603 86369 21703 5766 97236 55843 54585 14162 65230 78480 70585 58110 64177 10118 94260 26470 86804 37907 27544 66741 16516 86142 74491 44188 98905 81124 12656 88018 87133 76006 54177 77618 23976 19248 81451 20128 79937 93758 44898 85757 76228 63604 53270 25502 87966 52858 52793 87611 58647 47527 57677 20161 15519 32325 4939 3685 85974 51707 77475 32253 74178 57196 11286 96116 81048 5578 85256 72943 67146 39194 83050 50744 48443 68514 35456 68047 47475 99711 64727 89611 53802 8644 57969 60693 79068 93839 88069 38199 13699 51166 51920 94031 69267 29031 68527 21903 20735 72682 97635 2125 92500 41179 80406 4601 58265 4081 96648 64874 10698 84712 96017 76351 59007 88277 55304 29491 25475 75901 83374 79442 21620 58713 76005 13868 84083 40811 42420 18647 95686 25711 
837 270 
89298 58029 66825 70953 92459 40411 898 51683 5304 956 17921 21959 90553 71675 20446 12501 79165 21137 44401 1594 43458 50691 48789 1878 63929 11564 18698 98502 73229 4792 13130 60754 97435 44338 495 10862 23353 27241 77226 19536 45430 22630 98306 21443 88171 16628 48196 11370 76837 94665 91231 97548 69739 46354 41310 19675 27141 54311 98567 56456 83188 10277 6821 91767 26375 67751 59706 46275 23623 96534 7057 92940 38670 2915 61865 92994 78959 45434 30591 49023 1122 71205 20574 13083 79707 4837 74175 29293 23504 33500 5786 83044 24633 612 71071 56842 70593 67098 11742 41879 97140 91582 13898 50210 96405 87358 68036 61892 32702 81677 58071 15750 48148 66754 76569 93078 59859 36530 42727 78701 355 51114 43810 70284 28807 94788 55887 58329 90032 46555 96610 30828 74915 46153 95013 70740 33359 48007 51636 83813 75930 73112 5605 77342 96821 50729 68313 38925 8599 87235 56369 4815 73574 39628 68622 42295 75348 57139 29640 66520 38610 14883 37310 62496 22963 82104 83868 88425 10763 57382 57901 91615 78651 10845 12611 7963 3746 90920 1739 48670 25107 69554 11304 92662 86802 81051 28790 91700 21885 12340 31593 33031 92955 27533 74204 50131 28190 66399 89724 74388 11713 5872 37465 6531 49924 94440 36856 62416 98121 7818 51750 93949 56875 17223 83693 79846 87026 76839 70113 97636 22788 38793 5398 38126 54520 17286 46699 48433 24253 29634 93688 13698 68011 77050 7102 95398 27414 6768 82711 82721 91260 45714 33334 43960 44411 20328 75149 50827 40783 38296 39630 63975 76963 22570 75377 95148 84372 976 98569 88153 62900 28303 82840 9215 5228 30583 11474 39979 59373 48408 
260 262 
82496 48412 64443 64579 70524 50524 11704 6730 66635 54310 23843 88835 55925 61756 24202 51682 17594 9443 37809 12463 3921 82372 52762 53567 68405 68236 86549 35969 49647 55822 62180 27525 43735 57144 25205 24076 70532 550 73227 3929 51963 27633 62047 99690 13138 37220 66981 36951 73521 48789 41242 10140 89682 89902 674 70206 19439 54152 44076 25204 14543 22794 41329 59617 26198 99765 97864 64468 7178 66810 21197 86525 2691 25980 72041 15838 66696 5410 42913 74747 79080 67453 18145 86355 30965 77419 73566 77965 15464 27150 80632 7259 83647 12590 10482 92979 30542 75474 75388 94800 63358 95542 76960 38457 81733 71946 50560 50256 27969 99989 23761 30475 13226 23785 6162 37918 77173 72670 93941 60454 77187 91767 50767 71446 68927 59961 56934 34756 59182 50324 42283 36062 56543 81046 18863 26581 77740 75628 1751 89519 80721 58746 32704 34412 36002 43591 19904 85934 35850 16625 44943 42685 81487 66324 2836 28319 953 77639 76498 23160 11395 67349 48701 51603 52107 69281 27623 12965 38355 905 98865 7663 94874 57464 97106 25977 80809 1963 31506 94765 28352 63602 53859 72420 85277 6357 79579 90188 20875 66671 78786 89063 8560 90721 1004 83703 62403 90205 70975 95995 92365 94590 79474 51888 83728 74236 78215 51930 90985 57317 10946 5267 57059 21322 67063 1768 77803 39132 53330 66547 67669 4625 53650 37524 43051 16379 21138 41771 80923 32980 73956 88865 42410 68424 94112 42386 31652 80416 98927 19239 45954 89556 21749 26678 88318 98339 57565 25656 40418 70194 97037 90379 7810 93724 7516 89537 25140 74443 57983 13824 48636 3388 
247 253 
15803 37784 83466 73490 302 51349 27410 17221 92882 18815 88748 95742 79457 7212 18458 78817 37909 9684 7127 39952 55451 21281 70328 84388 42214 91819 64668 52806 41616 6149 78734 9032 67032 8015 19004 48029 68275 39128 70382 15520 61103 23214 7017 12823 86347 98462 41484 62240 69548 28673 81081 77831 84497 8576 37601 18703 96077 81041 14647 62659 53575 37165 4412 48023 72690 88256 44660 62403 98139 38159 97409 33659 7608 90272 38304 33422 46276 88865 19399 41824 4121 19458 28519 48353 17615 73243 38252 1384 30317 76569 55300 96541 42658 70526 60012 22237 44359 46338 31024 54144 61950 25173 38201 69260 58844 64826 36574 21947 55420 99985 52535 65517 53179 77581 3305 37740 42475 62942 93517 43654 27050 21304 39204 49751 56536 96904 95838 83131 54973 26137 61834 28050 62255 76900 58993 60597 59828 17817 70370 62713 56286 33871 25235 25440 78211 86962 78785 3619 6539 82294 25232 90324 20787 47968 80935 5372 25874 61556 71494 31733 34092 54123 80824 56814 59424 77547 72824 8597 46717 51145 89797 44607 95473 34474 18729 59772 32431 84174 42805 815 25444 19161 50207 88226 51989 12678 8319 69033 97344 57628 45714 41858 69381 27107 71517 67603 51417 12310 54086 69790 22133 54387 39403 62178 1499 99139 65095 40913 75103 95328 20741 25068 86950 15118 39421 82579 25132 38948 58738 90566 20236 91412 31926 25966 61827 10567 92563 55534 14447 5875 65950 91362 46935 46369 8567 50743 90823 18214 36564 95500 40206 28009 81902 2783 3750 73488 22176 34259 10418 91468 46720 54381 63292 
127 240 
92322 12011 58891 8115 22991 38952 22452 15734 88894 87523 76223 1486 10801 75844 52734 88687 70845 65042 8262 27299 77252 95702 53893 70843 42979 12500 50283 26849 30680 85618 54368 17907 51537 3497 83399 7005 66782 65551 43873 61212 34845 48532 51581 77206 75999 56732 19383 7247 39400 92756 54010 35586 30505 28055 4432 66867 76083 18932 96816 31870 57924 73022 999 64714 37223 57544 15712 5853 7470 56716 81208 87604 31370 35053 69975 98936 78903 51927 83815 55898 36229 38606 95841 44642 74177 27832 17556 88279 45116 67596 84898 63417 23480 19417 11109 16414 7554 9610 30723 32905 80160 67311 66580 89376 60377 58028 92192 46364 17163 29485 42445 77608 20962 24604 64761 76862 37601 40091 35850 45139 89204 49845 59103 77658 52156 968 24293 40608 18674 38339 93290 93581 4381 79519 55023 85786 22911 13065 34384 43457 15749 35728 43617 97433 80749 39885 20600 73913 17625 48973 41181 22402 2709 49961 27281 30664 81058 73617 28970 32287 43204 83703 24766 90194 97721 53756 51287 82714 5110 32538 3628 25460 87087 38204 97167 21091 88423 9794 90450 27228 33562 77641 58281 44704 29856 7798 65398 82253 48009 82125 35483 7509 17823 4318 42100 28167 34109 82448 98645 1226 74876 64926 67137 3696 62904 36421 41576 93166 54702 44872 94961 337 98859 97876 64783 84786 79666 98236 5374 94208 18475 85308 17705 82742 34938 89848 41949 34037 98589 1373 52958 16435 59384 30480 20870 28222 54267 85612 10697 93588 
353 232 
9712 9385 87544 35388 47642 1668 69096 55259 73949 59564 65371 35150 56098 64084 23293 98164 20903 83160 71675 10821 90399 41307 89340 90834 85812 58926 25781 22674 3183 88756 6829 75712 86188 12473 1964 20889 92492 78901 65541 62519 33384 96767 68276 51765 78263 53865 35282 50290 48691 54338 7207 27831 12823 56449 13205 26162 78351 55745 18717 88385 18128 23312 59118 23433 91763 51302 27065 11624 28961 17897 14890 70760 81041 87328 58394 63095 74819 10423 50668 23317 28986 57611 48598 88292 25970 55131 85571 77307 62335 55320 41295 88021 54648 19633 75136 87548 13668 28248 9672 13001 32135 79249 17013 87713 68701 74303 7467 51064 95951 77300 29519 10986 35599 42525 27752 82217 69709 91003 52503 90831 57262 7416 61341 81900 47141 21470 22716 77006 57807 64492 21657 28436 39793 41905 48945 71924 59347 39723 73700 73425 34515 21683 10798 33515 37745 27124 154 54969 27826 66686 75235 56196 85995 33850 32760 75589 86185 81708 57051 95945 59698 28208 70227 75831 71963 60597 23355 47301 96695 73347 93755 44755 35001 68798 36792 33499 10240 86444 65828 21879 25389 73018 54158 66040 52492 26590 33160 50065 20866 65501 4043 56828 64556 59574 23080 6750 96344 80761 73537 92383 94228 21653 87554 3064 85965 12206 28672 4371 73475 85602 80821 81645 27562 14708 31736 59596 56746 99089 92865 50172 59490 61336 52695 73808 96910 61734 62647 33950 59949 8851 53791 20602 
715 230 
42480 64564 8722 98414 49200 95311 9473 60619 32407 94081 33559 29457 62384 26317 44997 10793 31590 39314 34670 22316 10177 67548 55834 71906 11675 76954 72864 60881 91042 27475 40793 72776 62125 57894 94284 52681 99901 47138 78721 59042 11997 35663 31346 29888 49202 56610 79930 60960 39262 83966 42016 57054 20242 17713 1482 18286 95589 53923 71671 60282 65955 21286 20035 58962 32342 79487 42084 30168 37727 19416 51582 41471 2074 66295 25427 34225 2257 79696 16734 56732 96253 51726 37959 9597 13076 81348 71995 39767 3316 98014 18706 57178 91475 48923 41291 24276 33960 73145 6583 87852 90971 28169 94948 2216 46895 28380 50998 45137 73924 30134 69429 29677 59607 51873 55637 98694 4790 43722 84482 77412 75946 69043 20754 16810 54117 68675 75602 60644 11360 34573 86244 8598 83783 76393 26492 75692 55964 77787 50280 74090 7203 54005 31142 88087 83312 89186 25935 4414 96321 86083 95767 16874 60394 61154 89888 3295 1166 54173 47570 21858 51771 6618 28887 47498 37630 82141 37868 47667 39357 4895 81595 33222 87696 61462 99495 67928 89208 25648 59220 15977 4511 36419 35226 12644 18347 76505 92836 23747 83275 25912 83998 64978 44964 8688 10196 60627 53101 11508 54673 54570 64212 3688 85174 39514 43122 95514 47545 32497 53994 50567 88611 16931 10748 79592 17625 9460 33002 625 77078 63629 53761 19369 13668 29655 52237 41166 2518 50763 75286 12151 
457 226 
75062 45728 46019 65469 56764 39629 81869 15766 36602 84026 91112 37857 55601 60801 83466 46511 99803 5175 56815 73734 53983 25329 40738 57737 83842 71977 13745 37914 99884 97743 77704 40063 14012 31240 55932 25344 65851 64305 66228 36551 23139 79400 12956 43541 62983 90222 56805 41148 15712 94621 20776 88474 90869 95480 41357 38729 80283 19706 29148 77898 25006 2848 56058 77629 65081 42788 48691 8367 12694 50326 18584 35303 9843 75060 69736 6770 63807 90686 48132 55466 85603 83483 94865 67953 70995 36318 14473 95789 86791 20556 71709 40247 79382 56680 38978 33174 90591 29993 59420 3510 69962 63998 22156 59089 49421 53209 83337 39108 48609 82215 58464 91218 75686 30044 95610 73325 13166 83112 78578 96488 42820 57279 58649 47285 71056 10110 54424 7231 89035 83666 57861 80759 73662 4673 20180 77667 77908 52390 92597 61766 20043 58625 58344 50202 51680 31513 36230 61506 84659 58977 52212 25998 43403 98813 63826 62456 62818 41426 43537 89776 38180 20649 46860 7443 32471 38528 57735 50158 52210 98722 3830 14814 15541 41639 42022 13401 60994 23099 55754 49392 94586 61263 7903 95192 64227 37589 71538 15588 7836 66378 73112 59869 10344 40237 97299 97689 86949 28537 82936 20411 93347 10858 87467 88759 86914 96649 65844 35497 66138 314 95262 65933 28442 36280 57449 12968 6576 83500 22883 15433 47384 36523 54804 35567 43993 70859 
466 224 
97793 96883 56274 82386 90184 26054 5996 99743 53641 13755 7458 24280 82273 96573 60019 64252 35830 16246 76112 57744 30477 29335 75741 83620 8552 51001 79325 42356 12493 90305 23172 85630 96656 73483 59111 51947 83461 44384 32475 74395 10026 74556 15661 32487 89002 25581 11309 69842 97430 4048 25850 89540 76 18581 60562 73683 36330 60901 94426 72092 53686 45939 12304 51610 3496 89911 26224 66093 78271 40953 93137 10894 31218 19314 65855 14627 55899 86664 13193 34354 18932 61512 53269 40513 19394 53610 59723 75563 57304 57540 84457 72506 13102 69212 67346 47909 36138 49680 96739 2026 78329 20998 18876 61006 21863 66118 30906 95480 11319 83990 7678 13640 1578 68663 89485 7826 24853 70967 26234 76388 86972 20028 16848 37797 6489 85110 298 24352 68182 76933 24246 51485 70991 17200 87352 73885 32992 97863 9843 37629 73883 72340 97419 54821 15220 57361 47825 19972 42024 58855 69193 91389 18616 97303 70844 41615 69144 63528 774 16722 1751 23163 74176 9109 24132 48064 37181 35983 8660 19164 243 45669 32134 1114 54081 91385 4349 26584 83291 76276 56385 34008 83324 1552 32383 27463 47568 82215 43730 25476 34491 65759 37836 19646 43231 87146 64420 75200 48379 34939 85174 85886 85108 88256 95610 81929 61388 48870 89472 30299 90900 63268 82589 3825 56443 12757 15730 499 27187 16754 37632 73716 88589 43972 
267 220 
72857 95675 82414 11117 13338 57843 43543 96306 3922 47553 6951 54035 84259 83976 10681 79795 52422 36043 86311 58379 17584 12202 2222 13307 97906 9659 6235 33652 20142 73582 507 83257 38499 99918 24705 76193 44005 8063 79457 53298 4048 42607 37384 69839 99106 34051 55932 57570 69294 15362 1774 62092 5858 69870 2974 48634 22610 60531 83932 22546 66828 26871 93070 76289 48658 23123 91491 40441 11900 58082 25617 71781 22608 42214 76136 95261 79080 14572 62252 96772 63715 59715 34836 9875 24354 97758 25645 81241 23838 22717 67394 65109 45237 857 3211 26420 88474 75635 14846 39462 49451 16810 11593 64347 16835 14198 99989 18586 95522 57605 62373 44954 55670 14136 51742 7220 28969 98264 23114 838 27556 25182 84899 91418 80151 18965 16894 54765 90054 49082 64872 58363 57853 98234 83690 14000 48248 3703 65314 81050 98535 86971 99541 13649 57816 84033 23525 72290 32521 63164 73960 23790 81167 39707 37009 8891 13080 86737 42237 95567 40114 98850 86383 51370 79704 40591 26833 45792 17064 86267 55121 55181 89006 42864 8888 41031 74968 16320 43278 21501 25149 64972 75208 47343 72126 7869 59790 51713 65912 92010 75015 83828 67922 44445 78097 66601 12377 48973 73474 40877 97479 39937 80764 50030 24794 58017 95132 11884 63042 29162 76824 91871 91430 51087 23873 68492 36289 24666 64321 635 
903 214 
66008 29857 56152 49918 86647 90595 48021 8115 4682 52736 73672 16192 26703 53365 71306 12525 77051 8590 87305 8640 63215 88957 95381 11181 27043 75081 31066 36948 56592 90508 48933 26035 97384 4557 30029 90171 74249 79540 17739 46538 55297 83824 95742 18040 10888 55191 55415 16326 72014 480 85812 70006 94869 71473 86527 31280 2959 16037 9785 47216 59119 67810 30332 93514 83923 7514 12451 9052 24940 3258 85246 68664 43208 64343 49451 8437 35410 70633 34957 50467 53982 75827 87054 44220 7336 67393 20379 13661 66021 84898 81943 72731 71350 77537 50683 59152 54030 41037 78150 51675 25987 11301 38929 14570 48210 5843 35716 23902 83027 52311 79990 41797 48618 34679 35038 94683 95461 9304 58886 22612 46621 76061 81725 65403 47586 53253 99280 40390 99567 12668 71056 40025 92008 46176 89495 63445 85990 92224 98177 99366 7179 23019 79456 43758 5373 23784 85551 31978 22989 15673 66922 80360 71050 63443 96513 4707 99392 94163 1448 59970 93274 89627 86003 76409 77877 10271 9604 4221 55162 90435 15534 18463 24754 34355 38888 66425 43825 55887 10362 2126 56929 45799 13594 77519 99799 66336 79211 97120 57938 42545 69547 6959 74026 24845 85153 70441 84337 29285 79351 58182 36815 78577 34057 34143 28257 36280 57085 3580 97100 93076 60742 2499 98250 62083 
470 202 
97134 52941 4739 47552 76287 96922 2952 40562 94991 66065 68060 72165 20243 6059 97016 29888 39779 71403 73642 56610 67820 34569 24654 45501 66818 19637 34015 99033 1294 94531 49700 29923 27285 44759 48393 86355 96733 29591 40558 99797 76275 99169 25638 10958 71423 69477 88992 71592 79091 71089 84852 82173 43829 33644 76388 51742 34102 99692 49371 72981 53114 46062 45890 12208 18965 40887 62538 8972 70169 46392 3173 68845 72365 35390 27838 65258 45637 61197 23713 73491 87378 44708 60510 10103 86639 70961 47314 86652 2771 97813 50 7944 7711 66105 24114 81322 5407 3151 64898 40972 97139 11719 80759 57318 17752 96202 44864 82703 39516 60192 90154 64339 49150 52660 29624 11218 86860 2902 33382 63685 71466 44639 20649 38391 93677 33774 2396 13620 11143 14963 58266 33447 15562 86441 63672 61464 50898 81370 63356 96977 90781 10973 69519 72326 79942 44547 93021 75447 21202 42094 72843 27851 78467 82742 30532 29679 26406 80104 34538 90384 10089 64823 10697 4724 62494 36420 78519 85623 30178 76238 99974 40699 42344 21713 55707 43179 93478 71399 10861 29387 69899 80138 57057 99790 82041 76528 9523 74441 7984 94439 55354 87555 17156 95953 63947 25731 90017 22317 1793 86924 47524 7801 
615 188 
72857 73120 64635 74501 31637 77309 48703 7495 76095 77705 75160 9434 11111 18683 91950 77047 53137 36743 82336 98077 15766 73405 96165 64092 898 67896 70708 55246 42792 36241 90525 84205 15006 65627 52810 59161 29235 53960 15038 2492 85931 80654 54253 10654 12549 42703 67288 66424 59042 12501 18614 9575 13745 37342 74541 50785 38361 45440 58962 87954 75976 85991 34051 22013 23460 36227 68238 38811 8710 7064 95051 26497 35452 87211 46674 22900 10894 22026 64256 66122 6341 36686 79637 21668 79714 31970 77010 78140 58609 49505 48000 73124 58569 6416 9860 84580 4931 27411 42373 83184 4713 40209 54544 56885 26757 392 55646 50692 26733 98933 8426 91933 20086 36338 65386 64184 44999 2167 34110 97882 12313 98791 85506 83908 11069 22843 15063 93599 93815 31194 13098 36940 26075 621 48460 47883 14136 33801 58502 30276 84539 50474 89247 30307 83585 6258 56782 27309 27166 17200 21752 70747 60876 61023 69714 3889 22725 54500 83207 90671 85926 30046 43888 3836 10689 92762 36090 45361 67751 67523 74778 8822 26136 48466 73667 48277 57528 87188 8159 85173 93989 34742 90615 3699 58763 46929 38559 95259 
242 185 
1303 12081 23309 30964 15635 16393 32858 57563 37570 90722 78572 65180 45038 64947 38924 27769 94339 65383 17933 61215 20339 18145 49056 93575 12896 97427 14799 92149 41395 86359 33401 20383 55520 37892 32637 90908 92629 69741 12518 59530 58919 36540 61062 92904 90364 12546 5609 64039 70020 34008 69834 23206 56439 38221 64978 36182 53026 77616 26568 40346 47442 22996 12435 43758 35599 11331 53136 34971 67911 45413 8923 60107 55372 33638 53231 50317 57836 11812 54731 29481 79359 26544 10895 78544 53088 53963 79920 38343 19066 15059 53320 14607 94757 16347 3786 92933 45930 43398 90570 48619 25171 5660 33364 84195 64322 54158 63064 17024 98441 33716 5931 29132 94394 71813 24818 6266 34329 80862 66289 47879 6003 61332 481 15076 5084 96781 84292 27691 88404 74189 95296 59270 49756 96624 4377 41876 9219 63075 81625 65278 97752 104 91934 33153 51691 42511 55172 13847 67593 88412 92467 48759 75252 49547 98423 26466 44600 81996 6136 34924 15998 94705 40394 23496 36417 85877 71910 84005 49174 30451 78954 40948 68310 5870 77582 63767 18451 47075 93438 15689 69951 20191 96865 94725 3963 
402 172 
12788 85842 41841 45546 91675 39629 98420 3441 45277 46139 13703 75368 74405 55684 4947 34659 37208 59252 80533 37514 1782 32632 77125 77021 83407 18713 8022 53170 99534 40525 8543 47599 21533 97016 97117 91941 55342 2809 60765 74897 58997 28842 94495 31583 67820 44013 31240 26907 55932 79614 96631 96845 21502 70190 7616 73384 41998 22806 69516 445 12504 10498 98371 56501 78597 40485 8238 89727 34912 10225 62109 63139 25117 45577 28385 66380 16578 87422 79295 97542 85300 74 72048 72034 44039 37733 1300 89641 33155 47176 25339 50170 76157 22436 70138 39128 68182 23555 97516 50247 64143 84379 26162 7317 83132 50539 24149 9542 52318 44640 62607 84742 76277 56428 28979 94534 39348 11301 36744 94792 97960 12901 93657 46929 49422 15217 34835 76879 37115 89208 49614 2016 80168 59318 54307 83745 20595 79035 39302 19840 31673 30042 62253 5392 2048 92977 81492 17462 37716 77017 59818 61451 5929 43141 24190 66275 39732 72317 92254 9801 11307 69966 95325 86048 14369 60621 47457 43435 61080 51962 52386 3430 
614 164 
99787 88451 1968 65442 42329 52301 7894 22310 57962 41120 90734 6753 8244 12330 34648 99832 49098 7631 27417 24366 21019 39019 2952 65371 6076 83014 5983 23268 53960 80932 51864 59931 25329 59413 73333 80309 70843 59156 69664 83646 35491 97611 39709 62069 41180 72254 43596 54376 30822 28160 66208 43895 96845 69315 77270 64588 82086 76490 95706 47685 13130 8238 27506 61546 15976 42688 80651 89110 38818 20757 92447 96364 99374 58238 28021 2351 55643 94009 48663 34000 8426 90925 53622 2796 57577 20 13884 59614 58460 25395 90060 63375 41733 81904 90174 91931 68290 24597 56406 42788 91274 30939 62388 63302 54747 56408 96815 39456 29123 5094 33896 56629 6928 26742 67971 72928 63678 61730 88877 81209 30579 42784 72256 47573 75755 16503 56490 12080 54192 63002 55220 32639 37833 33478 38100 55574 3882 65752 35522 4963 72568 70020 31608 34541 84489 21977 69648 95665 72948 87388 32831 85144 68134 49299 31007 8009 4274 87726 77616 48251 88169 36669 87506 14427 
200 160 
92860 38000 44905 93172 1787 81869 10732 27590 3068 65180 36468 32628 79046 42640 89002 30952 26358 41967 18581 18040 71372 58727 86166 11365 82538 69149 26388 38964 87381 45152 6416 56194 42504 38478 60807 13208 50948 7660 75519 73664 28950 49096 2167 8083 1173 45578 99904 57566 58382 79341 82207 71328 28111 78089 51313 10398 69193 34756 14038 76037 91627 22785 28230 42195 53336 2000 96939 58905 99857 72399 76903 82420 51712 51132 93138 80440 54024 57319 54862 7852 21227 10394 31158 25534 40210 6876 11823 1650 77989 75795 64965 96392 20362 41163 90410 77734 35868 4090 97007 24912 28632 33982 45302 66203 41866 45272 7905 6775 27588 42853 56438 71065 51339 74644 99729 69410 48974 67614 33588 80036 21428 18101 63770 72858 68489 90368 14649 36866 4679 40296 22304 77886 1907 36247 46915 65832 96058 40291 82914 71536 99210 84821 47624 22493 91498 63737 54943 73149 21343 59401 85208 69857 20432 22999 99450 38987 91677 28834 42974 95827 
475 152 
49998 35409 74594 30100 48755 72788 87814 50977 18329 41594 95753 54764 41377 28151 7746 53294 63509 75322 63137 99608 19335 79260 92924 2027 67649 46376 34670 53598 69377 37809 46820 6132 72475 83739 62184 72945 10923 62025 64920 87738 51912 63962 99136 84378 26143 11211 25170 73270 15198 62945 59413 93785 77157 84793 12653 62860 96909 82391 21721 48071 89612 43449 71224 18548 98279 86194 52577 72142 89839 84778 88066 25256 57870 88422 41677 34568 79381 31141 81763 13148 69294 95043 11585 50425 96438 53425 21735 41131 23378 44156 51364 40920 74155 24358 50071 67839 85304 92164 4023 51023 75954 99554 75956 22964 53897 56120 86513 46965 49700 16581 80798 75339 30837 53243 9329 93459 32469 85881 53738 42688 42373 61744 83923 32197 86305 55357 89449 46788 54624 68865 88535 51668 8899 22278 27973 74612 30712 50057 33823 86294 46672 41424 26395 21325 46381 2026 94055 99679 60035 81829 30146 95006 
742 132 
3116 48188 20943 14230 9003 4068 24869 96573 94081 40648 61710 26164 23898 60088 87738 4269 52810 40419 50646 17694 27435 45802 85305 1982 57144 18857 10038 48908 92490 5460 55471 40878 70164 84154 24193 33177 64816 46448 87474 71754 35058 64427 72022 35373 14029 39425 32071 267 63864 30526 45992 12890 60754 75954 77892 39794 29074 17181 74169 40721 42430 3481 20367 85547 94525 37008 54208 14317 72141 4462 6583 10302 64405 40900 34846 58551 27191 57535 70680 91649 81417 69477 7138 90869 69975 72491 30910 76132 18293 26548 23785 64580 37093 30200 86972 44217 57566 8188 57311 47576 22725 88801 22227 60494 66498 58363 83331 68823 68608 61560 96671 20183 86193 59994 52549 55844 22785 16503 56057 8039 9945 82951 83603 89447 12528 59863 73014 91134 37633 59482 57017 70760 
389 128 
92205 87814 87322 42645 12157 25255 72147 91848 9305 68097 61022 30795 34847 87297 8248 20564 37376 26061 67521 89165 86991 97694 18143 64684 73734 48810 88566 86830 68494 65062 37416 92053 11266 63515 16690 83319 14503 6449 11858 96174 39978 52119 74624 28160 39634 18094 23923 2620 75956 14158 97257 54010 86513 77010 98105 27872 93459 79587 2077 92492 97959 90691 61561 98320 58667 25469 64730 78746 88382 8533 4167 3894 16890 18501 60887 69477 97274 39813 21170 45500 66215 99652 76111 16473 24246 1571 53114 60193 69169 71005 24415 31595 68019 32457 3466 2214 45436 45754 17094 98975 58406 32274 95030 59237 15286 17585 16282 16532 30521 73491 81185 31503 60345 31206 57381 89220 55620 68312 30912 76727 38909 61165 34588 79753 20323 41389 88246 53980 
160 124 
98295 29632 63550 18155 70955 32866 30151 58792 44812 49199 15481 36602 19849 92781 61321 86963 91466 36798 79106 7734 35996 75419 45942 17641 25116 44808 27634 57805 36822 68371 26680 82204 3379 89820 9285 79198 87443 20239 83930 22846 95569 15362 74755 42869 36398 42843 20217 52274 90688 51023 37080 68535 49472 53370 68154 57975 7339 62291 19885 55610 91962 92492 33147 71220 68865 37563 29884 49380 82183 38795 7660 39188 12144 74981 90730 11620 15525 99914 10848 2747 21863 25897 22324 5979 69678 45589 76117 93513 21141 62022 4860 81627 86337 38937 30224 19177 17448 13661 28265 77227 86079 99426 80340 96326 61740 81046 8819 84355 10430 75267 32588 91193 17160 3345 80195 10982 29861 70181 96005 24672 13040 1347 11597 96999 
861 112 
69364 56830 12999 77091 94656 85255 15899 49027 92297 11633 99874 29901 37454 54045 43124 33467 44333 68001 20136 22347 63122 68598 50646 20104 4965 58693 17641 31725 53983 69541 37599 14253 49401 26954 3939 82835 81346 3762 76856 42844 65172 24948 26037 88990 86888 63935 907 20530 22282 37902 40209 17404 78449 26138 99114 30006 9267 46104 32110 9160 29512 22625 70769 51887 55898 36625 61597 25710 69606 46552 53167 80329 97088 80991 18772 47484 5336 49558 93376 67537 45669 61630 83899 56127 86975 50514 99857 3009 4219 72688 51919 21600 2771 37088 2304 37936 49476 27397 49152 14074 69750 29343 14374 25048 17263 80085 18355 15195 25079 6876 89065 19217 
633 108 
58772 11187 44679 44949 6951 64010 56724 53941 53021 32252 20508 34648 12177 80446 30829 4988 17224 91612 66705 53567 89165 65239 80315 77903 35090 74412 98778 6279 55606 76295 58298 89748 40760 40004 63279 71675 73333 56593 70086 60765 2937 32574 63533 4179 70907 92039 64433 94799 40669 90143 65416 14456 26810 88267 28841 3433 23957 32766 69516 32879 32240 99871 30442 51581 1375 84095 78271 30278 47961 99890 46856 16916 56501 46341 62310 76290 10590 60441 67415 9752 76316 86461 89206 76226 91467 56100 33612 78064 62689 82332 96072 13196 29218 8757 60536 12069 47909 23773 36369 21871 53310 69907 60344 64069 10876 89576 88331 68940 
766 94 
20730 13423 91152 41945 30359 12525 82842 16647 59852 5817 10455 13161 36565 99534 94891 82935 29296 13275 47594 76055 77959 43542 72437 55938 42794 80174 77010 67884 85942 39452 41210 2351 91210 97422 68029 80999 71879 32877 79512 48697 49625 93740 3927 26969 41987 27604 9565 47890 1328 39323 49738 51723 16532 28107 83482 87947 27297 94727 67173 88523 30976 31124 32596 92112 86128 42392 45623 1451 74392 77291 24788 88128 27031 79661 61699 27496 82714 11504 4500 17996 79972 44140 35111 96228 112 2043 61054 79952 49083 66494 98970 38391 67325 56756 
101 84 
71817 69158 73877 21589 28235 26312 28101 93318 42981 28373 98212 54484 98156 9809 20555 74408 14212 75919 14595 32732 62630 19491 73490 79531 96379 48168 16569 564 5175 9513 64684 63995 55606 77748 67242 39321 86010 30902 59042 18956 73311 25734 25423 71706 83252 83966 17739 75936 62262 60333 51390 91417 48820 24863 68542 96914 55216 7685 91336 1477 75026 69142 98777 8594 42605 10082 9192 22997 7700 8988 77094 40754 58135 75728 69920 51709 24812 45058 96816 20889 22440 85953 35967 12571 
298 70 
50023 84578 51566 21786 84440 47996 87866 61757 86350 76912 94081 63137 33726 39007 64935 87867 61321 36339 47915 82255 46959 79350 31001 82701 77845 94278 66574 41800 47294 63448 19651 50500 27804 8463 17221 20059 42227 66290 55497 33419 22798 83537 16141 88148 33317 53628 443 76356 9407 64947 94754 63988 30243 78068 62671 85197 35491 63628 66533 99738 34051 41520 9061 33894 7191 24971 49393 93165 16352 77958 
665 68 
97793 84387 33269 3662 42416 89995 19335 81833 34982 10158 90287 20428 14847 37208 83818 86813 95458 67579 95379 48198 89312 50732 90907 66290 67552 41840 87970 14783 78831 9986 36623 88013 40798 2172 45592 67573 29525 74882 70190 98732 41607 67574 62179 91980 30870 70425 78771 20201 85744 1531 53540 1752 86102 11887 93955 7123 37569 17660 78504 93379 27840 86785 41422 74386 84435 96691 5866 46040 
606 64 
8608 7537 27077 99359 73120 5996 94120 88843 72265 86446 70216 84686 25881 74610 15336 9494 50203 26207 11108 70700 52308 41043 32714 73411 66678 42703 52399 84526 59349 42372 57837 42411 51694 40716 31157 22592 22669 92957 19416 90399 85302 7440 29525 48895 1069 23378 41134 25715 37031 35349 23123 19074 28645 35260 61531 87699 56016 20463 23767 13949 40005 19047 67752 22763 
313 58 
55807 69420 94988 7894 6966 66752 81419 71911 52232 63606 18210 66075 50855 41051 80713 42769 23165 50102 68405 11181 38479 564 63995 20925 94458 60914 10383 33764 52613 49643 30029 54097 74729 35493 19539 40248 35058 89648 72158 64256 90531 21998 22645 18406 11234 43367 32347 59000 65040 27506 7790 71781 54898 8031 33411 92425 16769 42430 
717 56 
99601 38973 27332 27711 71265 71817 13360 55590 77047 1075 46487 45425 26726 63435 42641 50817 78188 26104 6533 51565 47915 81651 54691 75021 63154 42865 79214 11181 42338 9626 58159 91295 53145 27553 72348 98568 52681 58693 47594 18956 73642 40089 94229 70119 86853 84316 33564 92215 32030 44707 3037 53801 95589 61874 53489 74541 
483 50 
3945 28567 86254 86784 27717 98545 6392 80219 25279 85770 87297 76800 17726 96659 97986 45423 17105 96115 31381 90508 63945 39004 76549 43681 60863 49549 19343 91492 18815 73678 46500 11434 51823 39464 40231 1482 9143 63391 3123 37342 3037 76867 34569 12532 64409 92787 31841 43461 44833 48632 
828 46 
48412 98363 77811 40220 35187 45118 74817 54174 48977 48567 30097 2400 86521 6090 18920 31980 2586 70156 22991 19335 47972 17361 3309 90292 31144 87297 12463 54016 31871 91746 36675 6579 95379 6595 38134 75194 40398 4105 52734 52750 79396 76655 20249 28182 80932 61931 
700 42 
96361 6100 1968 31811 64661 37253 49200 22813 41526 80385 9447 1399 27095 53586 49386 80962 70166 68479 74842 75284 36532 52762 10477 36798 70945 35499 79396 90624 84205 96246 63293 58298 10787 6279 90023 66678 21133 98164 58133 55850 86901 87582 
603 34 
29599 65869 59150 13249 11613 57301 32866 2798 37957 84529 46418 89713 83159 71375 94985 3921 18386 83818 91341 43115 98439 95917 85637 52303 77684 25034 61389 46545 29788 1524 53447 87971 777 52734 
821 28 
53614 72762 21589 65784 24606 33045 45863 69942 5072 60003 27255 2225 30182 37151 78983 55036 73579 34648 31727 83123 43076 96466 8592 71242 24366 59257 15802 10289 
662 16 
77091 95408 83340 59431 84405 29330 1134 35036 85143 10633 55590 34854 87849 17689 50867 80219 
923 2 
68692 33393 
